bk_event.png 0.000000000000 0.000000000000 0.042968750000 0.042968750000
r2_live.png 0.042968750000 0.000000000000 0.085937500000 0.038085937500
r2_live_over.png 0.042968750000 0.039062500000 0.085937500000 0.077148437500
r2_live_pushed.png 0.000000000000 0.042968750000 0.042968750000 0.081054687500
AR_hand.png 0.085937500000 0.000000000000 0.125000000000 0.039062500000
AR_helmet.png 0.085937500000 0.039062500000 0.125000000000 0.078125000000
AR_pantabotte.png 0.042968750000 0.078125000000 0.082031250000 0.117187500000
BK_fyros.png 0.082031250000 0.078125000000 0.121093750000 0.117187500000
BK_generic.png 0.000000000000 0.082031250000 0.039062500000 0.121093750000
BK_goo.png 0.125000000000 0.000000000000 0.164062500000 0.039062500000
BK_matis.png 0.164062500000 0.000000000000 0.203125000000 0.039062500000
BK_outpost.png 0.203125000000 0.000000000000 0.242187500000 0.039062500000
BK_primes.png 0.125000000000 0.039062500000 0.164062500000 0.078125000000
BK_tryker.png 0.164062500000 0.039062500000 0.203125000000 0.078125000000
BK_zorai.png 0.203125000000 0.039062500000 0.242187500000 0.078125000000
MW_2h_axe.png 0.121093750000 0.078125000000 0.160156250000 0.117187500000
MW_2h_lance.png 0.160156250000 0.078125000000 0.199218750000 0.117187500000
MW_2h_mace.png 0.199218750000 0.078125000000 0.238281250000 0.117187500000
MW_2h_sword.png 0.039062500000 0.117187500000 0.078125000000 0.156250000000
MW_axe.png 0.078125000000 0.117187500000 0.117187500000 0.156250000000
MW_dagger.png 0.117187500000 0.117187500000 0.156250000000 0.156250000000
MW_lance.png 0.156250000000 0.117187500000 0.195312500000 0.156250000000
MW_mace.png 0.195312500000 0.117187500000 0.234375000000 0.156250000000
MW_staff.png 0.000000000000 0.121093750000 0.039062500000 0.160156250000
MW_sword.png 0.039062500000 0.156250000000 0.078125000000 0.195312500000
PA_anklet.png 0.078125000000 0.156250000000 0.117187500000 0.195312500000
PA_bracelet.png 0.117187500000 0.156250000000 0.156250000000 0.195312500000
PA_diadem.png 0.156250000000 0.156250000000 0.195312500000 0.195312500000
PA_earring.png 0.195312500000 0.156250000000 0.234375000000 0.195312500000
PA_pendant.png 0.000000000000 0.160156250000 0.039062500000 0.199218750000
PA_ring.png 0.039062500000 0.195312500000 0.078125000000 0.234375000000
PW_heavy.png 0.078125000000 0.195312500000 0.117187500000 0.234375000000
PW_light.png 0.117187500000 0.195312500000 0.156250000000 0.234375000000
PW_medium.png 0.156250000000 0.195312500000 0.195312500000 0.234375000000
RW_autolaunch.png 0.195312500000 0.195312500000 0.234375000000 0.234375000000
RW_bowgun.png 0.000000000000 0.199218750000 0.039062500000 0.238281250000
RW_grenade.png 0.242187500000 0.000000000000 0.281250000000 0.039062500000
RW_harpoongun.png 0.281250000000 0.000000000000 0.320312500000 0.039062500000
RW_launcher.png 0.320312500000 0.000000000000 0.359375000000 0.039062500000
RW_pistol.png 0.359375000000 0.000000000000 0.398437500000 0.039062500000
RW_pistolarc.png 0.398437500000 0.000000000000 0.437500000000 0.039062500000
RW_rifle.png 0.437500000000 0.000000000000 0.476562500000 0.039062500000
SH_buckler.png 0.242187500000 0.039062500000 0.281250000000 0.078125000000
SH_large_shield.png 0.281250000000 0.039062500000 0.320312500000 0.078125000000
TP_caravane.png 0.320312500000 0.039062500000 0.359375000000 0.078125000000
TP_kami.png 0.359375000000 0.039062500000 0.398437500000 0.078125000000
W_AM_logo.png 0.398437500000 0.039062500000 0.437500000000 0.078125000000
ar_armpad_mask.png 0.437500000000 0.039062500000 0.476562500000 0.078125000000
ar_botte_mask.png 0.238281250000 0.078125000000 0.277343750000 0.117187500000
ar_gilet_mask.png 0.277343750000 0.078125000000 0.316406250000 0.117187500000
ar_hand_mask.png 0.316406250000 0.078125000000 0.355468750000 0.117187500000
ar_helmet_mask.png 0.355468750000 0.078125000000 0.394531250000 0.117187500000
ar_pantabotte_mask.png 0.394531250000 0.078125000000 0.433593750000 0.117187500000
bk_consommable.png 0.433593750000 0.078125000000 0.472656250000 0.117187500000
AM_logo.png 0.234375000000 0.117187500000 0.273437500000 0.156250000000
bk_guild.png 0.273437500000 0.117187500000 0.312500000000 0.156250000000
bk_horde.png 0.312500000000 0.117187500000 0.351562500000 0.156250000000
bk_kami.png 0.351562500000 0.117187500000 0.390625000000 0.156250000000
bk_karavan.png 0.390625000000 0.117187500000 0.429687500000 0.156250000000
bk_mission.png 0.429687500000 0.117187500000 0.468750000000 0.156250000000
bk_mission2.png 0.234375000000 0.156250000000 0.273437500000 0.195312500000
bk_service.png 0.273437500000 0.156250000000 0.312500000000 0.195312500000
bk_training.png 0.312500000000 0.156250000000 0.351562500000 0.195312500000
charge.png 0.351562500000 0.156250000000 0.390625000000 0.195312500000
clef.png 0.390625000000 0.156250000000 0.429687500000 0.195312500000
conso_branche.png 0.429687500000 0.156250000000 0.468750000000 0.195312500000
conso_branche_mask.png 0.234375000000 0.195312500000 0.273437500000 0.234375000000
conso_fleur.png 0.273437500000 0.195312500000 0.312500000000 0.234375000000
conso_fleur_mask.png 0.312500000000 0.195312500000 0.351562500000 0.234375000000
conso_grappe.png 0.351562500000 0.195312500000 0.390625000000 0.234375000000
conso_grappe_mask.png 0.390625000000 0.195312500000 0.429687500000 0.234375000000
conso_nectar.png 0.429687500000 0.195312500000 0.468750000000 0.234375000000
conso_nectar_mask.png 0.039062500000 0.234375000000 0.078125000000 0.273437500000
construction.png 0.078125000000 0.234375000000 0.117187500000 0.273437500000
cristal_ammo.png 0.117187500000 0.234375000000 0.156250000000 0.273437500000
cristal_spell.png 0.156250000000 0.234375000000 0.195312500000 0.273437500000
ge_mission_outpost_townhall.png 0.195312500000 0.234375000000 0.234375000000 0.273437500000
ge_mission_pumpkin_piece.tga 0.234375000000 0.234375000000 0.273437500000 0.273437500000
ico_amande.png 0.273437500000 0.234375000000 0.312500000000 0.273437500000
ico_cataliseur_xp.png 0.312500000000 0.234375000000 0.351562500000 0.273437500000
ico_consommable_over.png 0.351562500000 0.234375000000 0.390625000000 0.273437500000
ico_fleur_carac_1.png 0.390625000000 0.234375000000 0.429687500000 0.273437500000
ico_fleur_carac_1_mask.png 0.429687500000 0.234375000000 0.468750000000 0.273437500000
ico_fleur_carac_2.png 0.000000000000 0.238281250000 0.039062500000 0.277343750000
ico_fleur_carac_2_mask.png 0.039062500000 0.273437500000 0.078125000000 0.312500000000
ico_fleur_carac_3.png 0.078125000000 0.273437500000 0.117187500000 0.312500000000
ico_fleur_carac_3_mask.png 0.117187500000 0.273437500000 0.156250000000 0.312500000000
ico_foreuse.png 0.156250000000 0.273437500000 0.195312500000 0.312500000000
ico_haircolor.png 0.195312500000 0.273437500000 0.234375000000 0.312500000000
ico_haircut.png 0.234375000000 0.273437500000 0.273437500000 0.312500000000
ico_mission_art_fyros.png 0.273437500000 0.273437500000 0.312500000000 0.312500000000
ico_mission_art_matis.png 0.312500000000 0.273437500000 0.351562500000 0.312500000000
ico_mission_art_tryker.png 0.351562500000 0.273437500000 0.390625000000 0.312500000000
ico_mission_art_zorai.png 0.390625000000 0.273437500000 0.429687500000 0.312500000000
ico_mission_barrel.png 0.429687500000 0.273437500000 0.468750000000 0.312500000000
ico_mission_bottle.png 0.000000000000 0.277343750000 0.039062500000 0.316406250000
ico_mission_casket.png 0.039062500000 0.312500000000 0.078125000000 0.351562500000
ico_mission_medicine.png 0.078125000000 0.312500000000 0.117187500000 0.351562500000
ico_mission_message.png 0.117187500000 0.312500000000 0.156250000000 0.351562500000
ico_mission_package.png 0.156250000000 0.312500000000 0.195312500000 0.351562500000
ico_mission_pot.png 0.195312500000 0.312500000000 0.234375000000 0.351562500000
ico_mission_purse.png 0.234375000000 0.312500000000 0.273437500000 0.351562500000
ico_noix.png 0.273437500000 0.312500000000 0.312500000000 0.351562500000
ico_racine.png 0.312500000000 0.312500000000 0.351562500000 0.351562500000
ico_spores.png 0.351562500000 0.312500000000 0.390625000000 0.351562500000
ico_task_craft.png 0.390625000000 0.312500000000 0.429687500000 0.351562500000
ico_task_done.png 0.429687500000 0.312500000000 0.468750000000 0.351562500000
ico_task_failed.png 0.000000000000 0.316406250000 0.039062500000 0.355468750000
ico_task_fight.png 0.039062500000 0.351562500000 0.078125000000 0.390625000000
ico_task_forage.png 0.078125000000 0.351562500000 0.117187500000 0.390625000000
ico_task_generic.png 0.117187500000 0.351562500000 0.156250000000 0.390625000000
ico_task_generic_quart.png 0.156250000000 0.351562500000 0.195312500000 0.390625000000
ico_task_guild.png 0.195312500000 0.351562500000 0.234375000000 0.390625000000
ico_task_rite.png 0.234375000000 0.351562500000 0.273437500000 0.390625000000
ico_task_travel.png 0.273437500000 0.351562500000 0.312500000000 0.390625000000
ico_tatoo.png 0.312500000000 0.351562500000 0.351562500000 0.390625000000
ico_tourbe.png 0.351562500000 0.351562500000 0.390625000000 0.390625000000
icon_butterfly_net.png 0.390625000000 0.351562500000 0.429687500000 0.390625000000
icon_ciseau_bois.png 0.429687500000 0.351562500000 0.468750000000 0.390625000000
icon_faucille.png 0.000000000000 0.355468750000 0.039062500000 0.394531250000
icon_gingerbread.png 0.039062500000 0.390625000000 0.078125000000 0.429687500000
icon_gingeryubo.png 0.078125000000 0.390625000000 0.117187500000 0.429687500000
icon_handcolor.tga 0.117187500000 0.390625000000 0.156250000000 0.429687500000
icon_pinceau.png 0.156250000000 0.390625000000 0.195312500000 0.429687500000
icon_plank.tga 0.195312500000 0.390625000000 0.234375000000 0.429687500000
icon_white_linen.tga 0.234375000000 0.390625000000 0.273437500000 0.429687500000
improved_tool.png 0.273437500000 0.390625000000 0.312500000000 0.429687500000
item_default.png 0.312500000000 0.390625000000 0.351562500000 0.429687500000
item_plan_over.png 0.351562500000 0.390625000000 0.390625000000 0.429687500000
lucky_flower.png 0.390625000000 0.390625000000 0.429687500000 0.429687500000
mektoub_pack.png 0.429687500000 0.390625000000 0.468750000000 0.429687500000
mektoub_steed.png 0.000000000000 0.394531250000 0.039062500000 0.433593750000
mg_glove.png 0.039062500000 0.429687500000 0.078125000000 0.468750000000
mission_icon_0.png 0.078125000000 0.429687500000 0.117187500000 0.468750000000
mission_icon_1.png 0.117187500000 0.429687500000 0.156250000000 0.468750000000
mission_icon_2.png 0.156250000000 0.429687500000 0.195312500000 0.468750000000
mission_icon_3.png 0.195312500000 0.429687500000 0.234375000000 0.468750000000
mission_icon_gazette.png 0.234375000000 0.429687500000 0.273437500000 0.468750000000
mp_amber.png 0.273437500000 0.429687500000 0.312500000000 0.468750000000
mp_bark.png 0.312500000000 0.429687500000 0.351562500000 0.468750000000
mp_batiment_brique.png 0.351562500000 0.429687500000 0.390625000000 0.468750000000
mp_batiment_colonne.png 0.390625000000 0.429687500000 0.429687500000 0.468750000000
mp_batiment_colonne_justice.png 0.429687500000 0.429687500000 0.468750000000 0.468750000000
mp_batiment_comble.png 0.000000000000 0.433593750000 0.039062500000 0.472656250000
mp_batiment_noyau_maduk.png 0.476562500000 0.000000000000 0.515625000000 0.039062500000
mp_batiment_ornement.png 0.515625000000 0.000000000000 0.554687500000 0.039062500000
mp_batiment_revetement.png 0.554687500000 0.000000000000 0.593750000000 0.039062500000
mp_batiment_socle.png 0.593750000000 0.000000000000 0.632812500000 0.039062500000
mp_batiment_statue.png 0.632812500000 0.000000000000 0.671875000000 0.039062500000
mp_beak.png 0.671875000000 0.000000000000 0.710937500000 0.039062500000
mp_blood.png 0.710937500000 0.000000000000 0.750000000000 0.039062500000
mp_bone.png 0.750000000000 0.000000000000 0.789062500000 0.039062500000
mp_bud.png 0.789062500000 0.000000000000 0.828125000000 0.039062500000
mp_buterfly_blue.png 0.828125000000 0.000000000000 0.867187500000 0.039062500000
mp_buterfly_cocoon.png 0.867187500000 0.000000000000 0.906250000000 0.039062500000
mp_cereal.png 0.906250000000 0.000000000000 0.945312500000 0.039062500000
mp_claw.png 0.945312500000 0.000000000000 0.984375000000 0.039062500000
mp_dandelion.png 0.476562500000 0.039062500000 0.515625000000 0.078125000000
mp_dust.png 0.515625000000 0.039062500000 0.554687500000 0.078125000000
mp_egg.png 0.554687500000 0.039062500000 0.593750000000 0.078125000000
mp_eyes.png 0.593750000000 0.039062500000 0.632812500000 0.078125000000
mp_fang.png 0.632812500000 0.039062500000 0.671875000000 0.078125000000
mp_fiber.png 0.671875000000 0.039062500000 0.710937500000 0.078125000000
mp_filament.png 0.710937500000 0.039062500000 0.750000000000 0.078125000000
mp_firefly_abdomen.png 0.750000000000 0.039062500000 0.789062500000 0.078125000000
mp_fish_scale.png 0.789062500000 0.039062500000 0.828125000000 0.078125000000
mp_flowers.png 0.828125000000 0.039062500000 0.867187500000 0.078125000000
mp_fresh_loose_soil.png 0.867187500000 0.039062500000 0.906250000000 0.078125000000
mp_fruit.png 0.906250000000 0.039062500000 0.945312500000 0.078125000000
mp_generic.png 0.945312500000 0.039062500000 0.984375000000 0.078125000000
mp_generic_colorize.png 0.472656250000 0.078125000000 0.511718750000 0.117187500000
mp_gomme.png 0.511718750000 0.078125000000 0.550781250000 0.117187500000
mp_goo_residue.png 0.550781250000 0.078125000000 0.589843750000 0.117187500000
mp_hairs.png 0.589843750000 0.078125000000 0.628906250000 0.117187500000
mp_hoof.png 0.628906250000 0.078125000000 0.667968750000 0.117187500000
mp_horn.png 0.667968750000 0.078125000000 0.707031250000 0.117187500000
mp_horney.png 0.707031250000 0.078125000000 0.746093750000 0.117187500000
mp_insect_fossil.png 0.746093750000 0.078125000000 0.785156250000 0.117187500000
mp_kitin_flesh.png 0.785156250000 0.078125000000 0.824218750000 0.117187500000
mp_kitin_secretion.png 0.824218750000 0.078125000000 0.863281250000 0.117187500000
mp_kitinshell.png 0.863281250000 0.078125000000 0.902343750000 0.117187500000
mp_larva.png 0.902343750000 0.078125000000 0.941406250000 0.117187500000
mp_leaf.png 0.941406250000 0.078125000000 0.980468750000 0.117187500000
mp_leather.png 0.468750000000 0.117187500000 0.507812500000 0.156250000000
mp_liane.png 0.507812500000 0.117187500000 0.546875000000 0.156250000000
mp_lichen.png 0.546875000000 0.117187500000 0.585937500000 0.156250000000
mp_ligament.png 0.585937500000 0.117187500000 0.625000000000 0.156250000000
mp_mandible.png 0.625000000000 0.117187500000 0.664062500000 0.156250000000
mp_meat.png 0.664062500000 0.117187500000 0.703125000000 0.156250000000
mp_moss.png 0.703125000000 0.117187500000 0.742187500000 0.156250000000
mp_mushroom.png 0.742187500000 0.117187500000 0.781250000000 0.156250000000
mp_nail.png 0.781250000000 0.117187500000 0.820312500000 0.156250000000
mp_oil.png 0.820312500000 0.117187500000 0.859375000000 0.156250000000
mp_parasite.png 0.859375000000 0.117187500000 0.898437500000 0.156250000000
mp_pearl.png 0.898437500000 0.117187500000 0.937500000000 0.156250000000
mp_pelvis.png 0.937500000000 0.117187500000 0.976562500000 0.156250000000
mp_pigment.png 0.468750000000 0.156250000000 0.507812500000 0.195312500000
mp_pistil.png 0.507812500000 0.156250000000 0.546875000000 0.195312500000
mp_plant_fossil.png 0.546875000000 0.156250000000 0.585937500000 0.195312500000
mp_pollen.png 0.585937500000 0.156250000000 0.625000000000 0.195312500000
mp_resin.png 0.625000000000 0.156250000000 0.664062500000 0.195312500000
mp_ronce.png 0.664062500000 0.156250000000 0.703125000000 0.195312500000
mp_rostrum.png 0.703125000000 0.156250000000 0.742187500000 0.195312500000
mp_sap.png 0.742187500000 0.156250000000 0.781250000000 0.195312500000
mp_sawdust.png 0.781250000000 0.156250000000 0.820312500000 0.195312500000
mp_seed.png 0.820312500000 0.156250000000 0.859375000000 0.195312500000
mp_shell.png 0.859375000000 0.156250000000 0.898437500000 0.195312500000
mp_silk_worm.png 0.898437500000 0.156250000000 0.937500000000 0.195312500000
mp_skin.png 0.937500000000 0.156250000000 0.976562500000 0.195312500000
mp_skull.png 0.468750000000 0.195312500000 0.507812500000 0.234375000000
mp_spiders_web.png 0.507812500000 0.195312500000 0.546875000000 0.234375000000
mp_spine.png 0.546875000000 0.195312500000 0.585937500000 0.234375000000
mp_stem.png 0.585937500000 0.195312500000 0.625000000000 0.234375000000
mp_sting.png 0.625000000000 0.195312500000 0.664062500000 0.234375000000
mp_straw.png 0.664062500000 0.195312500000 0.703125000000 0.234375000000
mp_suc.png 0.703125000000 0.195312500000 0.742187500000 0.234375000000
mp_tail.png 0.742187500000 0.195312500000 0.781250000000 0.234375000000
mp_tooth.png 0.781250000000 0.195312500000 0.820312500000 0.234375000000
mp_trunk.png 0.820312500000 0.195312500000 0.859375000000 0.234375000000
mp_whiskers.png 0.859375000000 0.195312500000 0.898437500000 0.234375000000
mp_wing.png 0.898437500000 0.195312500000 0.937500000000 0.234375000000
mp_wood.png 0.937500000000 0.195312500000 0.976562500000 0.234375000000
mp_wood_node.png 0.468750000000 0.234375000000 0.507812500000 0.273437500000
protect_amber.png 0.507812500000 0.234375000000 0.546875000000 0.273437500000
pvp_aura.png 0.546875000000 0.234375000000 0.585937500000 0.273437500000
pvp_aura_mask.png 0.585937500000 0.234375000000 0.625000000000 0.273437500000
pvp_boost.png 0.625000000000 0.234375000000 0.664062500000 0.273437500000
pvp_boost_mask.png 0.664062500000 0.234375000000 0.703125000000 0.273437500000
pw_4.png 0.703125000000 0.234375000000 0.742187500000 0.273437500000
pw_5.png 0.742187500000 0.234375000000 0.781250000000 0.273437500000
pw_6.png 0.781250000000 0.234375000000 0.820312500000 0.273437500000
pw_7.png 0.820312500000 0.234375000000 0.859375000000 0.273437500000
quest_coeur.png 0.859375000000 0.234375000000 0.898437500000 0.273437500000
quest_foie.png 0.898437500000 0.234375000000 0.937500000000 0.273437500000
quest_jeton.png 0.937500000000 0.234375000000 0.976562500000 0.273437500000
quest_langue.png 0.468750000000 0.273437500000 0.507812500000 0.312500000000
quest_louche.png 0.507812500000 0.273437500000 0.546875000000 0.312500000000
quest_oreille.png 0.546875000000 0.273437500000 0.585937500000 0.312500000000
quest_patte.png 0.585937500000 0.273437500000 0.625000000000 0.312500000000
quest_poils.png 0.625000000000 0.273437500000 0.664062500000 0.312500000000
quest_queue.png 0.664062500000 0.273437500000 0.703125000000 0.312500000000
quest_ticket.png 0.703125000000 0.273437500000 0.742187500000 0.312500000000
AR_armpad.png 0.742187500000 0.273437500000 0.781250000000 0.312500000000
AR_botte.png 0.781250000000 0.273437500000 0.820312500000 0.312500000000
AR_gilet.png 0.820312500000 0.273437500000 0.859375000000 0.312500000000
requirement.png 0.859375000000 0.273437500000 0.898437500000 0.312500000000
rm_f.png 0.898437500000 0.273437500000 0.937500000000 0.312500000000
rm_f_upgrade.png 0.937500000000 0.273437500000 0.976562500000 0.312500000000
rm_h.png 0.468750000000 0.312500000000 0.507812500000 0.351562500000
rm_h_upgrade.png 0.507812500000 0.312500000000 0.546875000000 0.351562500000
rm_m.png 0.546875000000 0.312500000000 0.585937500000 0.351562500000
rm_m_upgrade.png 0.585937500000 0.312500000000 0.625000000000 0.351562500000
rm_r.png 0.625000000000 0.312500000000 0.664062500000 0.351562500000
rm_r_upgrade.png 0.664062500000 0.312500000000 0.703125000000 0.351562500000
rpjob_200.png 0.703125000000 0.312500000000 0.742187500000 0.351562500000
rpjob_201.png 0.742187500000 0.312500000000 0.781250000000 0.351562500000
rpjob_202.png 0.781250000000 0.312500000000 0.820312500000 0.351562500000
rpjob_203.png 0.820312500000 0.312500000000 0.859375000000 0.351562500000
rpjob_204.png 0.859375000000 0.312500000000 0.898437500000 0.351562500000
rpjob_205.png 0.898437500000 0.312500000000 0.937500000000 0.351562500000
rpjob_206.png 0.937500000000 0.312500000000 0.976562500000 0.351562500000
rpjob_207.png 0.468750000000 0.351562500000 0.507812500000 0.390625000000
rpjob_advanced.png 0.507812500000 0.351562500000 0.546875000000 0.390625000000
rpjob_elementary.png 0.546875000000 0.351562500000 0.585937500000 0.390625000000
rpjob_roleplay.png 0.585937500000 0.351562500000 0.625000000000 0.390625000000
rpjob_task.png 0.625000000000 0.351562500000 0.664062500000 0.390625000000
rpjob_task_certificats.png 0.664062500000 0.351562500000 0.703125000000 0.390625000000
rpjob_task_convert.png 0.703125000000 0.351562500000 0.742187500000 0.390625000000
rpjob_task_elementary.png 0.742187500000 0.351562500000 0.781250000000 0.390625000000
rpjob_task_generic.png 0.781250000000 0.351562500000 0.820312500000 0.390625000000
rpjob_task_upgrade.png 0.820312500000 0.351562500000 0.859375000000 0.390625000000
rpjobitem_200_a.png 0.859375000000 0.351562500000 0.898437500000 0.390625000000
rpjobitem_200_b.png 0.898437500000 0.351562500000 0.937500000000 0.390625000000
rpjobitem_200_c.png 0.937500000000 0.351562500000 0.976562500000 0.390625000000
rpjobitem_201_a.png 0.468750000000 0.390625000000 0.507812500000 0.429687500000
rpjobitem_201_b.png 0.507812500000 0.390625000000 0.546875000000 0.429687500000
rpjobitem_201_c.png 0.546875000000 0.390625000000 0.585937500000 0.429687500000
rpjobitem_202_a.png 0.585937500000 0.390625000000 0.625000000000 0.429687500000
rpjobitem_202_b.png 0.625000000000 0.390625000000 0.664062500000 0.429687500000
rpjobitem_202_c.png 0.664062500000 0.390625000000 0.703125000000 0.429687500000
rpjobitem_203_a.png 0.703125000000 0.390625000000 0.742187500000 0.429687500000
rpjobitem_203_b.png 0.742187500000 0.390625000000 0.781250000000 0.429687500000
rpjobitem_203_c.png 0.781250000000 0.390625000000 0.820312500000 0.429687500000
rpjobitem_204_a.png 0.820312500000 0.390625000000 0.859375000000 0.429687500000
rpjobitem_204_b.png 0.859375000000 0.390625000000 0.898437500000 0.429687500000
rpjobitem_204_c.png 0.898437500000 0.390625000000 0.937500000000 0.429687500000
rpjobitem_205_a.png 0.937500000000 0.390625000000 0.976562500000 0.429687500000
rpjobitem_205_b.png 0.468750000000 0.429687500000 0.507812500000 0.468750000000
rpjobitem_205_c.png 0.507812500000 0.429687500000 0.546875000000 0.468750000000
rpjobitem_206_a.png 0.546875000000 0.429687500000 0.585937500000 0.468750000000
rpjobitem_206_b.png 0.585937500000 0.429687500000 0.625000000000 0.468750000000
rpjobitem_206_c.png 0.625000000000 0.429687500000 0.664062500000 0.468750000000
rpjobitem_207_a.png 0.664062500000 0.429687500000 0.703125000000 0.468750000000
rpjobitem_207_b.png 0.703125000000 0.429687500000 0.742187500000 0.468750000000
rpjobitem_207_c.png 0.742187500000 0.429687500000 0.781250000000 0.468750000000
rpjobitem_certifications.png 0.781250000000 0.429687500000 0.820312500000 0.468750000000
spe_beast.png 0.820312500000 0.429687500000 0.859375000000 0.468750000000
spe_com.png 0.859375000000 0.429687500000 0.898437500000 0.468750000000
spe_inventory.png 0.898437500000 0.429687500000 0.937500000000 0.468750000000
spe_labs.png 0.937500000000 0.429687500000 0.976562500000 0.468750000000
spe_memory.png 0.039062500000 0.468750000000 0.078125000000 0.507812500000
spe_options.png 0.078125000000 0.468750000000 0.117187500000 0.507812500000
spe_status.png 0.117187500000 0.468750000000 0.156250000000 0.507812500000
stimulating_water.png 0.156250000000 0.468750000000 0.195312500000 0.507812500000
tetekitin.png 0.195312500000 0.468750000000 0.234375000000 0.507812500000
to_ammo.png 0.234375000000 0.468750000000 0.273437500000 0.507812500000
to_armor.png 0.273437500000 0.468750000000 0.312500000000 0.507812500000
to_cooking_pot.png 0.312500000000 0.468750000000 0.351562500000 0.507812500000
to_fishing_rod.png 0.351562500000 0.468750000000 0.390625000000 0.507812500000
to_forage.png 0.390625000000 0.468750000000 0.429687500000 0.507812500000
to_hammer.png 0.429687500000 0.468750000000 0.468750000000 0.507812500000
to_jewelry_hammer.png 0.468750000000 0.468750000000 0.507812500000 0.507812500000
to_jewels.png 0.507812500000 0.468750000000 0.546875000000 0.507812500000
to_leathercutter.png 0.546875000000 0.468750000000 0.585937500000 0.507812500000
to_melee.png 0.585937500000 0.468750000000 0.625000000000 0.507812500000
to_needle.png 0.625000000000 0.468750000000 0.664062500000 0.507812500000
to_pestle.png 0.664062500000 0.468750000000 0.703125000000 0.507812500000
to_range.png 0.703125000000 0.468750000000 0.742187500000 0.507812500000
to_searake.png 0.742187500000 0.468750000000 0.781250000000 0.507812500000
to_spade.png 0.781250000000 0.468750000000 0.820312500000 0.507812500000
to_stick.png 0.820312500000 0.468750000000 0.859375000000 0.507812500000
to_tunneling_knife.png 0.859375000000 0.468750000000 0.898437500000 0.507812500000
to_whip.png 0.898437500000 0.468750000000 0.937500000000 0.507812500000
to_wrench.png 0.937500000000 0.468750000000 0.976562500000 0.507812500000
w_pa_anklet.png 0.000000000000 0.472656250000 0.039062500000 0.511718750000
w_pa_bracelet.png 0.039062500000 0.507812500000 0.078125000000 0.546875000000
w_pa_diadem.png 0.078125000000 0.507812500000 0.117187500000 0.546875000000
w_pa_earring.png 0.117187500000 0.507812500000 0.156250000000 0.546875000000
w_pa_pendant.png 0.156250000000 0.507812500000 0.195312500000 0.546875000000
w_pa_ring.png 0.195312500000 0.507812500000 0.234375000000 0.546875000000
xp_cat_green.png 0.234375000000 0.507812500000 0.273437500000 0.546875000000
asc_rolemasterfight.png 0.273437500000 0.507812500000 0.304687500000 0.539062500000
asc_rolemasterharvest.png 0.304687500000 0.507812500000 0.335937500000 0.539062500000
asc_rolemastermagic.png 0.335937500000 0.507812500000 0.367187500000 0.539062500000
asc_unknown.png 0.367187500000 0.507812500000 0.398437500000 0.539062500000
asc_exit.png 0.398437500000 0.507812500000 0.429687500000 0.539062500000
asc_rolemastercraft.png 0.429687500000 0.507812500000 0.460937500000 0.539062500000
mail.png 0.460937500000 0.507812500000 0.492187500000 0.531250000000
fo_back.png 0.976562500000 0.117187500000 1.000000000000 0.140625000000
fo_over.png 0.976562500000 0.140625000000 1.000000000000 0.164062500000
ico_taunt.png 0.976562500000 0.164062500000 1.000000000000 0.187500000000
ico_time.png 0.976562500000 0.187500000000 1.000000000000 0.210937500000
ico_time_bonus.png 0.976562500000 0.210937500000 1.000000000000 0.234375000000
fp_ammo.png 0.976562500000 0.234375000000 1.000000000000 0.257812500000
ico_trigger.png 0.976562500000 0.257812500000 1.000000000000 0.281250000000
ico_umbrella.png 0.976562500000 0.281250000000 1.000000000000 0.304687500000
ico_use_enchantement.png 0.976562500000 0.304687500000 1.000000000000 0.328125000000
ico_vampire.png 0.976562500000 0.328125000000 1.000000000000 0.351562500000
ico_visibility.png 0.976562500000 0.351562500000 1.000000000000 0.375000000000
ico_war_cry.png 0.976562500000 0.375000000000 1.000000000000 0.398437500000
ico_weight.png 0.976562500000 0.398437500000 1.000000000000 0.421875000000
ico_wellbalanced.png 0.976562500000 0.421875000000 1.000000000000 0.445312500000
ico_will.png 0.976562500000 0.445312500000 1.000000000000 0.468750000000
ico_windding.png 0.976562500000 0.468750000000 1.000000000000 0.492187500000
ico_wisdom.png 0.976562500000 0.492187500000 1.000000000000 0.515625000000
fp_armor.png 0.492187500000 0.507812500000 0.515625000000 0.531250000000
fp_building.png 0.515625000000 0.507812500000 0.539062500000 0.531250000000
fp_jewel.png 0.539062500000 0.507812500000 0.562500000000 0.531250000000
fp_melee.png 0.562500000000 0.507812500000 0.585937500000 0.531250000000
fp_over.png 0.585937500000 0.507812500000 0.609375000000 0.531250000000
fp_range.png 0.609375000000 0.507812500000 0.632812500000 0.531250000000
fp_shield.png 0.632812500000 0.507812500000 0.656250000000 0.531250000000
fp_tools.png 0.656250000000 0.507812500000 0.679687500000 0.531250000000
W_slot_shortcut_id4.png 0.679687500000 0.507812500000 0.703125000000 0.531250000000
W_slot_shortcut_id5.png 0.703125000000 0.507812500000 0.726562500000 0.531250000000
ico_absorb_damage.png 0.726562500000 0.507812500000 0.750000000000 0.531250000000
ico_accurate.png 0.750000000000 0.507812500000 0.773437500000 0.531250000000
ico_acid.png 0.773437500000 0.507812500000 0.796875000000 0.531250000000
ico_aim.png 0.796875000000 0.507812500000 0.820312500000 0.531250000000
ico_aim_bird_wings.png 0.820312500000 0.507812500000 0.843750000000 0.531250000000
ico_aim_flying_kitin_abdomen.png 0.843750000000 0.507812500000 0.867187500000 0.531250000000
mf_back.png 0.867187500000 0.507812500000 0.890625000000 0.531250000000
mf_over.png 0.890625000000 0.507812500000 0.914062500000 0.531250000000
ico_aim_homin_arms.png 0.914062500000 0.507812500000 0.937500000000 0.531250000000
ico_aim_homin_chest.png 0.937500000000 0.507812500000 0.960937500000 0.531250000000
ico_aim_homin_feet.png 0.000000000000 0.511718750000 0.023437500000 0.535156250000
ico_aim_homin_feint.png 0.960937500000 0.515625000000 0.984375000000 0.539062500000
ico_aim_homin_hands.png 0.460937500000 0.531250000000 0.484375000000 0.554687500000
ico_aim_homin_head.png 0.484375000000 0.531250000000 0.507812500000 0.554687500000
mp3.png 0.507812500000 0.531250000000 0.531250000000 0.554687500000
ico_aim_homin_legs.png 0.531250000000 0.531250000000 0.554687500000 0.554687500000
mp_back_curative.png 0.554687500000 0.531250000000 0.578125000000 0.554687500000
mp_back_offensive.png 0.578125000000 0.531250000000 0.601562500000 0.554687500000
mp_back_selfonly.png 0.601562500000 0.531250000000 0.625000000000 0.554687500000
ico_aim_kitin_head.png 0.625000000000 0.531250000000 0.648437500000 0.554687500000
W_slot_shortcut_id6.png 0.648437500000 0.531250000000 0.671875000000 0.554687500000
ico_ammo_bullet.png 0.671875000000 0.531250000000 0.695312500000 0.554687500000
ico_ammo_jacket.png 0.695312500000 0.531250000000 0.718750000000 0.554687500000
ico_angle.png 0.718750000000 0.531250000000 0.742187500000 0.554687500000
ico_anti_magic_shield.png 0.742187500000 0.531250000000 0.765625000000 0.554687500000
ico_armor.png 0.765625000000 0.531250000000 0.789062500000 0.554687500000
ico_armor_clip.png 0.789062500000 0.531250000000 0.812500000000 0.554687500000
ico_armor_heavy.png 0.812500000000 0.531250000000 0.835937500000 0.554687500000
ico_armor_kitin.png 0.835937500000 0.531250000000 0.859375000000 0.554687500000
ico_armor_light.png 0.859375000000 0.531250000000 0.882812500000 0.554687500000
ico_armor_medium.png 0.882812500000 0.531250000000 0.906250000000 0.554687500000
ico_armor_penalty.png 0.906250000000 0.531250000000 0.929687500000 0.554687500000
ico_armor_shell.png 0.929687500000 0.531250000000 0.953125000000 0.554687500000
ico_atys.png 0.000000000000 0.535156250000 0.023437500000 0.558593750000
ico_atysian.png 0.273437500000 0.539062500000 0.296875000000 0.562500000000
ico_balance_hp.png 0.296875000000 0.539062500000 0.320312500000 0.562500000000
ico_barrel.png 0.320312500000 0.539062500000 0.343750000000 0.562500000000
ico_bash.png 0.343750000000 0.539062500000 0.367187500000 0.562500000000
ico_berserk.png 0.367187500000 0.539062500000 0.390625000000 0.562500000000
ico_blade.png 0.390625000000 0.539062500000 0.414062500000 0.562500000000
ico_bleeding.png 0.414062500000 0.539062500000 0.437500000000 0.562500000000
ico_blind.png 0.437500000000 0.539062500000 0.460937500000 0.562500000000
ico_blunt.png 0.953125000000 0.539062500000 0.976562500000 0.562500000000
ico_bomb.png 0.976562500000 0.539062500000 1.000000000000 0.562500000000
W_slot_shortcut_id7.png 0.023437500000 0.546875000000 0.046875000000 0.570312500000
ico_celestial.png 0.046875000000 0.546875000000 0.070312500000 0.570312500000
ico_circular_attack.png 0.070312500000 0.546875000000 0.093750000000 0.570312500000
ico_clothes.png 0.093750000000 0.546875000000 0.117187500000 0.570312500000
ico_cold.png 0.117187500000 0.546875000000 0.140625000000 0.570312500000
ico_concentration.png 0.140625000000 0.546875000000 0.164062500000 0.570312500000
W_slot_shortcut_id8.png 0.164062500000 0.546875000000 0.187500000000 0.570312500000
ico_constitution.png 0.187500000000 0.546875000000 0.210937500000 0.570312500000
ico_counterweight.png 0.210937500000 0.546875000000 0.234375000000 0.570312500000
ico_craft_buff.png 0.234375000000 0.546875000000 0.257812500000 0.570312500000
ico_create_sapload.png 0.460937500000 0.554687500000 0.484375000000 0.578125000000
ico_curse.png 0.484375000000 0.554687500000 0.507812500000 0.578125000000
ico_debuff.png 0.507812500000 0.554687500000 0.531250000000 0.578125000000
ico_debuff_resist.png 0.531250000000 0.554687500000 0.554687500000 0.578125000000
ico_debuff_skill.png 0.554687500000 0.554687500000 0.578125000000 0.578125000000
ico_desert.png 0.578125000000 0.554687500000 0.601562500000 0.578125000000
ico_dexterity.png 0.601562500000 0.554687500000 0.625000000000 0.578125000000
ico_disarm.png 0.625000000000 0.554687500000 0.648437500000 0.578125000000
ico_dodge.png 0.648437500000 0.554687500000 0.671875000000 0.578125000000
ico_dot.png 0.671875000000 0.554687500000 0.695312500000 0.578125000000
ico_durability.png 0.695312500000 0.554687500000 0.718750000000 0.578125000000
ico_electric.png 0.718750000000 0.554687500000 0.742187500000 0.578125000000
ico_explosif.png 0.742187500000 0.554687500000 0.765625000000 0.578125000000
ico_extracting.png 0.765625000000 0.554687500000 0.789062500000 0.578125000000
ico_fear.png 0.789062500000 0.554687500000 0.812500000000 0.578125000000
ico_feint.png 0.812500000000 0.554687500000 0.835937500000 0.578125000000
ico_fire.png 0.835937500000 0.554687500000 0.859375000000 0.578125000000
ico_firing_pin.png 0.859375000000 0.554687500000 0.882812500000 0.578125000000
W_slot_shortcut_id9.png 0.882812500000 0.554687500000 0.906250000000 0.578125000000
mp_over_link.png 0.906250000000 0.554687500000 0.929687500000 0.578125000000
BK_fyros_brick.png 0.929687500000 0.554687500000 0.953125000000 0.578125000000
bk_outpost_brick.png 0.000000000000 0.558593750000 0.023437500000 0.582031250000
bk_power.png 0.257812500000 0.562500000000 0.281250000000 0.585937500000
BK_matis_brick.png 0.281250000000 0.562500000000 0.304687500000 0.585937500000
1h_over.png 0.304687500000 0.562500000000 0.328125000000 0.585937500000
ico_focus.png 0.328125000000 0.562500000000 0.351562500000 0.585937500000
ico_forage_buff.png 0.351562500000 0.562500000000 0.375000000000 0.585937500000
ico_forbid_item.png 0.375000000000 0.562500000000 0.398437500000 0.585937500000
ico_forest.png 0.398437500000 0.562500000000 0.421875000000 0.585937500000
brick_default.png 0.421875000000 0.562500000000 0.445312500000 0.585937500000
ico_gardening.png 0.953125000000 0.562500000000 0.976562500000 0.585937500000
ico_gentle.png 0.976562500000 0.562500000000 1.000000000000 0.585937500000
ico_goo.png 0.023437500000 0.570312500000 0.046875000000 0.593750000000
ico_gripp.png 0.046875000000 0.570312500000 0.070312500000 0.593750000000
building_state_24x24.png 0.070312500000 0.570312500000 0.093750000000 0.593750000000
cb_main_nue.png 0.093750000000 0.570312500000 0.117187500000 0.593750000000
ico_hammer.png 0.117187500000 0.570312500000 0.140625000000 0.593750000000
ico_harmful.png 0.140625000000 0.570312500000 0.164062500000 0.593750000000
ico_hatred.png 0.164062500000 0.570312500000 0.187500000000 0.593750000000
ico_heal.png 0.187500000000 0.570312500000 0.210937500000 0.593750000000
ico_hit_rate.png 0.210937500000 0.570312500000 0.234375000000 0.593750000000
ico_incapacity.png 0.234375000000 0.570312500000 0.257812500000 0.593750000000
ico_intelligence.png 0.445312500000 0.578125000000 0.468750000000 0.601562500000
ico_interrupt.png 0.468750000000 0.578125000000 0.492187500000 0.601562500000
ico_invulnerability.png 0.492187500000 0.578125000000 0.515625000000 0.601562500000
ico_jewel_stone.png 0.515625000000 0.578125000000 0.539062500000 0.601562500000
ico_jewel_stone_support.png 0.539062500000 0.578125000000 0.562500000000 0.601562500000
ico_jungle.png 0.562500000000 0.578125000000 0.585937500000 0.601562500000
ico_lacustre.png 0.585937500000 0.578125000000 0.609375000000 0.601562500000
ico_landmark_bonus.png 0.609375000000 0.578125000000 0.632812500000 0.601562500000
no_action.png 0.632812500000 0.578125000000 0.656250000000 0.601562500000
no_pvp.png 0.656250000000 0.578125000000 0.679687500000 0.601562500000
op_back.png 0.679687500000 0.578125000000 0.703125000000 0.601562500000
op_over_break.png 0.703125000000 0.578125000000 0.726562500000 0.601562500000
op_over_less.png 0.726562500000 0.578125000000 0.750000000000 0.601562500000
op_over_more.png 0.750000000000 0.578125000000 0.773437500000 0.601562500000
pa_back.png 0.773437500000 0.578125000000 0.796875000000 0.601562500000
pa_over_break.png 0.796875000000 0.578125000000 0.820312500000 0.601562500000
pa_over_less.png 0.820312500000 0.578125000000 0.843750000000 0.601562500000
pa_over_more.png 0.843750000000 0.578125000000 0.867187500000 0.601562500000
ico_level.png 0.867187500000 0.578125000000 0.890625000000 0.601562500000
pvp_ally_0.png 0.890625000000 0.578125000000 0.914062500000 0.601562500000
pvp_ally_1.png 0.914062500000 0.578125000000 0.937500000000 0.601562500000
pvp_ally_2.png 0.000000000000 0.582031250000 0.023437500000 0.605468750000
pvp_ally_3.png 0.257812500000 0.585937500000 0.281250000000 0.609375000000
pvp_ally_4.png 0.281250000000 0.585937500000 0.304687500000 0.609375000000
pvp_ally_6.png 0.304687500000 0.585937500000 0.328125000000 0.609375000000
pvp_ally_flag.png 0.328125000000 0.585937500000 0.351562500000 0.609375000000
pvp_ally_primas.png 0.351562500000 0.585937500000 0.375000000000 0.609375000000
pvp_ally_ranger.png 0.375000000000 0.585937500000 0.398437500000 0.609375000000
pvp_ally_tag.png 0.398437500000 0.585937500000 0.421875000000 0.609375000000
ico_lining.png 0.421875000000 0.585937500000 0.445312500000 0.609375000000
ico_location.png 0.937500000000 0.585937500000 0.960937500000 0.609375000000
ico_madness.png 0.960937500000 0.585937500000 0.984375000000 0.609375000000
ico_magic.png 0.023437500000 0.593750000000 0.046875000000 0.617187500000
pvp_duel.png 0.046875000000 0.593750000000 0.070312500000 0.617187500000
pvp_enemy_0.png 0.070312500000 0.593750000000 0.093750000000 0.617187500000
pvp_enemy_1.png 0.093750000000 0.593750000000 0.117187500000 0.617187500000
pvp_enemy_2.png 0.117187500000 0.593750000000 0.140625000000 0.617187500000
pvp_enemy_3.png 0.140625000000 0.593750000000 0.164062500000 0.617187500000
pvp_enemy_4.png 0.164062500000 0.593750000000 0.187500000000 0.617187500000
pvp_enemy_6.png 0.187500000000 0.593750000000 0.210937500000 0.617187500000
pvp_enemy_flag.png 0.210937500000 0.593750000000 0.234375000000 0.617187500000
pvp_enemy_marauder.png 0.234375000000 0.593750000000 0.257812500000 0.617187500000
pvp_enemy_tag.png 0.445312500000 0.601562500000 0.468750000000 0.625000000000
pvp_enemy_trytonist.png 0.468750000000 0.601562500000 0.492187500000 0.625000000000
pvp_flag.png 0.492187500000 0.601562500000 0.515625000000 0.625000000000
pvp_neutral.png 0.515625000000 0.601562500000 0.539062500000 0.625000000000
pvp_tag.png 0.539062500000 0.601562500000 0.562500000000 0.625000000000
ico_magic_action_buff.png 0.562500000000 0.601562500000 0.585937500000 0.625000000000
ico_magic_focus.png 0.585937500000 0.601562500000 0.609375000000 0.625000000000
ico_magic_target_buff.png 0.609375000000 0.601562500000 0.632812500000 0.625000000000
ico_melee_action_buff.png 0.632812500000 0.601562500000 0.656250000000 0.625000000000
ico_melee_target_buff.png 0.656250000000 0.601562500000 0.679687500000 0.625000000000
ico_mental.png 0.679687500000 0.601562500000 0.703125000000 0.625000000000
ico_metabolism.png 0.703125000000 0.601562500000 0.726562500000 0.625000000000
ico_mezz.png 0.726562500000 0.601562500000 0.750000000000 0.625000000000
ico_misfortune.png 0.750000000000 0.601562500000 0.773437500000 0.625000000000
ch_back.png 0.773437500000 0.601562500000 0.796875000000 0.625000000000
BK_generic_brick.png 0.796875000000 0.601562500000 0.820312500000 0.625000000000
2h_over.png 0.820312500000 0.601562500000 0.843750000000 0.625000000000
TB_help2.png 0.843750000000 0.601562500000 0.867187500000 0.625000000000
BK_tryker_brick.png 0.867187500000 0.601562500000 0.890625000000 0.625000000000
BK_magie_noire_brick.png 0.890625000000 0.601562500000 0.914062500000 0.625000000000
BK_zorai_brick.png 0.914062500000 0.601562500000 0.937500000000 0.625000000000
W_slot_shortcut_id0.png 0.000000000000 0.605468750000 0.023437500000 0.628906250000
W_slot_shortcut_id1.png 0.257812500000 0.609375000000 0.281250000000 0.632812500000
W_slot_shortcut_id2.png 0.281250000000 0.609375000000 0.304687500000 0.632812500000
bg_downloader.png 0.304687500000 0.609375000000 0.328125000000 0.632812500000
bk_aura.png 0.328125000000 0.609375000000 0.351562500000 0.632812500000
ico_move.png 0.351562500000 0.609375000000 0.375000000000 0.632812500000
ico_multi_fight.png 0.375000000000 0.609375000000 0.398437500000 0.632812500000
ico_multiple_spots.png 0.398437500000 0.609375000000 0.421875000000 0.632812500000
cp_back.png 0.421875000000 0.609375000000 0.445312500000 0.632812500000
ico_opening_hit.png 0.937500000000 0.609375000000 0.960937500000 0.632812500000
ico_over_autumn.png 0.960937500000 0.609375000000 0.984375000000 0.632812500000
ico_over_degenerated.png 0.023437500000 0.617187500000 0.046875000000 0.640625000000
ico_over_fauna.png 0.046875000000 0.617187500000 0.070312500000 0.640625000000
ico_over_flora.png 0.070312500000 0.617187500000 0.093750000000 0.640625000000
ico_over_hit_arms.png 0.093750000000 0.617187500000 0.117187500000 0.640625000000
ico_over_hit_chest.png 0.117187500000 0.617187500000 0.140625000000 0.640625000000
ico_over_hit_feet.png 0.140625000000 0.617187500000 0.164062500000 0.640625000000
ico_over_hit_feet_hands.png 0.164062500000 0.617187500000 0.187500000000 0.640625000000
ico_over_hit_feet_head.png 0.187500000000 0.617187500000 0.210937500000 0.640625000000
ico_over_hit_feet_x2.png 0.210937500000 0.617187500000 0.234375000000 0.640625000000
ico_over_hit_feint_x3.png 0.234375000000 0.617187500000 0.257812500000 0.640625000000
ico_over_hit_hands.png 0.445312500000 0.625000000000 0.468750000000 0.648437500000
ico_over_hit_hands_chest.png 0.468750000000 0.625000000000 0.492187500000 0.648437500000
ico_over_hit_hands_head.png 0.492187500000 0.625000000000 0.515625000000 0.648437500000
ico_over_hit_head.png 0.515625000000 0.625000000000 0.539062500000 0.648437500000
ico_over_hit_head_x3.png 0.539062500000 0.625000000000 0.562500000000 0.648437500000
ico_over_hit_legs.png 0.562500000000 0.625000000000 0.585937500000 0.648437500000
ico_over_homin.png 0.585937500000 0.625000000000 0.609375000000 0.648437500000
ico_over_kitin.png 0.609375000000 0.625000000000 0.632812500000 0.648437500000
ico_over_magic.png 0.632812500000 0.625000000000 0.656250000000 0.648437500000
ico_over_melee.png 0.656250000000 0.625000000000 0.679687500000 0.648437500000
ico_over_racial.png 0.679687500000 0.625000000000 0.703125000000 0.648437500000
ico_over_range.png 0.703125000000 0.625000000000 0.726562500000 0.648437500000
ico_over_special.png 0.726562500000 0.625000000000 0.750000000000 0.648437500000
ico_over_spring.png 0.750000000000 0.625000000000 0.773437500000 0.648437500000
ico_over_summer.png 0.773437500000 0.625000000000 0.796875000000 0.648437500000
ico_over_winter.png 0.796875000000 0.625000000000 0.820312500000 0.648437500000
ico_parry.png 0.820312500000 0.625000000000 0.843750000000 0.648437500000
ico_piercing.png 0.843750000000 0.625000000000 0.867187500000 0.648437500000
ico_pointe.png 0.867187500000 0.625000000000 0.890625000000 0.648437500000
ico_poison.png 0.890625000000 0.625000000000 0.914062500000 0.648437500000
ico_power.png 0.914062500000 0.625000000000 0.937500000000 0.648437500000
ico_preservation.png 0.000000000000 0.628906250000 0.023437500000 0.652343750000
ico_primal.png 0.257812500000 0.632812500000 0.281250000000 0.656250000000
ico_prime_roots.png 0.281250000000 0.632812500000 0.304687500000 0.656250000000
ico_private.png 0.304687500000 0.632812500000 0.328125000000 0.656250000000
ico_prospecting.png 0.328125000000 0.632812500000 0.351562500000 0.656250000000
ico_quality.png 0.351562500000 0.632812500000 0.375000000000 0.656250000000
cp_over_break.png 0.375000000000 0.632812500000 0.398437500000 0.656250000000
ico_range.png 0.398437500000 0.632812500000 0.421875000000 0.656250000000
ico_range_action_buff.png 0.421875000000 0.632812500000 0.445312500000 0.656250000000
ico_range_target_buff.png 0.937500000000 0.632812500000 0.960937500000 0.656250000000
ico_ricochet.png 0.960937500000 0.632812500000 0.984375000000 0.656250000000
ico_root.png 0.023437500000 0.640625000000 0.046875000000 0.664062500000
ico_rot.png 0.046875000000 0.640625000000 0.070312500000 0.664062500000
ico_safe.png 0.070312500000 0.640625000000 0.093750000000 0.664062500000
ico_sap.png 0.093750000000 0.640625000000 0.117187500000 0.664062500000
ico_self_damage.png 0.117187500000 0.640625000000 0.140625000000 0.664062500000
ico_shaft.png 0.140625000000 0.640625000000 0.164062500000 0.664062500000
ico_shield_buff.png 0.164062500000 0.640625000000 0.187500000000 0.664062500000
tb_action_attack.png 0.187500000000 0.640625000000 0.210937500000 0.664062500000
tb_action_config.png 0.210937500000 0.640625000000 0.234375000000 0.664062500000
tb_action_disband.png 0.234375000000 0.640625000000 0.257812500000 0.664062500000
tb_action_disengage.png 0.445312500000 0.648437500000 0.468750000000 0.671875000000
tb_action_extract.png 0.468750000000 0.648437500000 0.492187500000 0.671875000000
tb_action_invite.png 0.492187500000 0.648437500000 0.515625000000 0.671875000000
tb_action_kick.png 0.515625000000 0.648437500000 0.539062500000 0.671875000000
tb_action_move.png 0.539062500000 0.648437500000 0.562500000000 0.671875000000
tb_action_run.png 0.562500000000 0.648437500000 0.585937500000 0.671875000000
tb_action_sit.png 0.585937500000 0.648437500000 0.609375000000 0.671875000000
tb_action_stand.png 0.609375000000 0.648437500000 0.632812500000 0.671875000000
tb_action_stop.png 0.632812500000 0.648437500000 0.656250000000 0.671875000000
tb_action_talk.png 0.656250000000 0.648437500000 0.679687500000 0.671875000000
tb_action_walk.png 0.679687500000 0.648437500000 0.703125000000 0.671875000000
tb_animals.png 0.703125000000 0.648437500000 0.726562500000 0.671875000000
tb_config.png 0.726562500000 0.648437500000 0.750000000000 0.671875000000
tb_connection.png 0.750000000000 0.648437500000 0.773437500000 0.671875000000
tb_contacts.png 0.773437500000 0.648437500000 0.796875000000 0.671875000000
tb_desk_1.png 0.796875000000 0.648437500000 0.820312500000 0.671875000000
tb_desk_2.png 0.820312500000 0.648437500000 0.843750000000 0.671875000000
tb_desk_3.png 0.843750000000 0.648437500000 0.867187500000 0.671875000000
tb_desk_4.png 0.867187500000 0.648437500000 0.890625000000 0.671875000000
tb_faction.png 0.890625000000 0.648437500000 0.914062500000 0.671875000000
tb_forum.png 0.914062500000 0.648437500000 0.937500000000 0.671875000000
tb_guild.png 0.000000000000 0.652343750000 0.023437500000 0.675781250000
tb_keys.png 0.257812500000 0.656250000000 0.281250000000 0.679687500000
tb_macros.png 0.281250000000 0.656250000000 0.304687500000 0.679687500000
tb_mail.png 0.304687500000 0.656250000000 0.328125000000 0.679687500000
tb_mode_dodge.png 0.328125000000 0.656250000000 0.351562500000 0.679687500000
tb_mode_parry.png 0.351562500000 0.656250000000 0.375000000000 0.679687500000
tb_over.png 0.375000000000 0.656250000000 0.398437500000 0.679687500000
tb_support.png 0.398437500000 0.656250000000 0.421875000000 0.679687500000
tb_team.png 0.421875000000 0.656250000000 0.445312500000 0.679687500000
tb_windows.png 0.937500000000 0.656250000000 0.960937500000 0.679687500000
ico_shield_up.png 0.960937500000 0.656250000000 0.984375000000 0.679687500000
ico_shielding.png 0.023437500000 0.664062500000 0.046875000000 0.687500000000
ico_shockwave.png 0.046875000000 0.664062500000 0.070312500000 0.687500000000
ico_sickness.png 0.070312500000 0.664062500000 0.093750000000 0.687500000000
ico_slashing.png 0.093750000000 0.664062500000 0.117187500000 0.687500000000
ico_slow.png 0.117187500000 0.664062500000 0.140625000000 0.687500000000
ico_soft_spot.png 0.140625000000 0.664062500000 0.164062500000 0.687500000000
ico_source_time.png 0.164062500000 0.664062500000 0.187500000000 0.687500000000
ico_speed.png 0.187500000000 0.664062500000 0.210937500000 0.687500000000
ico_speeding_up.png 0.210937500000 0.664062500000 0.234375000000 0.687500000000
ico_spell_break.png 0.234375000000 0.664062500000 0.257812500000 0.687500000000
cp_over_less.png 0.445312500000 0.671875000000 0.468750000000 0.695312500000
ico_spray.png 0.468750000000 0.671875000000 0.492187500000 0.695312500000
ico_spying.png 0.492187500000 0.671875000000 0.515625000000 0.695312500000
ico_stamina.png 0.515625000000 0.671875000000 0.539062500000 0.695312500000
ico_strength.png 0.539062500000 0.671875000000 0.562500000000 0.695312500000
ico_stuffing.png 0.562500000000 0.671875000000 0.585937500000 0.695312500000
ico_stunn.png 0.585937500000 0.671875000000 0.609375000000 0.695312500000
cp_over_more.png 0.609375000000 0.671875000000 0.632812500000 0.695312500000
cp_over_opening.png 0.632812500000 0.671875000000 0.656250000000 0.695312500000
us_back_0.png 0.656250000000 0.671875000000 0.679687500000 0.695312500000
us_back_1.png 0.679687500000 0.671875000000 0.703125000000 0.695312500000
us_back_2.png 0.703125000000 0.671875000000 0.726562500000 0.695312500000
us_back_3.png 0.726562500000 0.671875000000 0.750000000000 0.695312500000
us_back_4.png 0.750000000000 0.671875000000 0.773437500000 0.695312500000
us_back_5.png 0.773437500000 0.671875000000 0.796875000000 0.695312500000
us_back_6.png 0.796875000000 0.671875000000 0.820312500000 0.695312500000
us_back_7.png 0.820312500000 0.671875000000 0.843750000000 0.695312500000
us_back_8.png 0.843750000000 0.671875000000 0.867187500000 0.695312500000
us_back_9.png 0.867187500000 0.671875000000 0.890625000000 0.695312500000
us_ico_0.png 0.890625000000 0.671875000000 0.914062500000 0.695312500000
us_ico_1.png 0.914062500000 0.671875000000 0.937500000000 0.695312500000
us_ico_2.png 0.000000000000 0.675781250000 0.023437500000 0.699218750000
us_ico_3.png 0.257812500000 0.679687500000 0.281250000000 0.703125000000
us_ico_4.png 0.281250000000 0.679687500000 0.304687500000 0.703125000000
us_ico_5.png 0.304687500000 0.679687500000 0.328125000000 0.703125000000
us_ico_6.png 0.328125000000 0.679687500000 0.351562500000 0.703125000000
us_ico_7.png 0.351562500000 0.679687500000 0.375000000000 0.703125000000
us_ico_8.png 0.375000000000 0.679687500000 0.398437500000 0.703125000000
us_ico_9.png 0.398437500000 0.679687500000 0.421875000000 0.703125000000
us_over_0.png 0.421875000000 0.679687500000 0.445312500000 0.703125000000
us_over_1.png 0.937500000000 0.679687500000 0.960937500000 0.703125000000
us_over_2.png 0.960937500000 0.679687500000 0.984375000000 0.703125000000
us_over_3.png 0.023437500000 0.687500000000 0.046875000000 0.710937500000
us_over_4.png 0.046875000000 0.687500000000 0.070312500000 0.710937500000
cp_over_opening_2.png 0.070312500000 0.687500000000 0.093750000000 0.710937500000
bk_conso.png 0.093750000000 0.687500000000 0.117187500000 0.710937500000
W_slot_shortcut_id3.png 0.117187500000 0.687500000000 0.140625000000 0.710937500000
ef_back.png 0.140625000000 0.687500000000 0.164062500000 0.710937500000
ef_over_break.png 0.164062500000 0.687500000000 0.187500000000 0.710937500000
ef_over_less.png 0.187500000000 0.687500000000 0.210937500000 0.710937500000
w_slot_shortcut_shift_id0.png 0.210937500000 0.687500000000 0.234375000000 0.710937500000
w_slot_shortcut_shift_id1.png 0.234375000000 0.687500000000 0.257812500000 0.710937500000
w_slot_shortcut_shift_id2.png 0.445312500000 0.695312500000 0.468750000000 0.718750000000
w_slot_shortcut_shift_id3.png 0.468750000000 0.695312500000 0.492187500000 0.718750000000
w_slot_shortcut_shift_id4.png 0.492187500000 0.695312500000 0.515625000000 0.718750000000
w_slot_shortcut_shift_id5.png 0.515625000000 0.695312500000 0.539062500000 0.718750000000
w_slot_shortcut_shift_id6.png 0.539062500000 0.695312500000 0.562500000000 0.718750000000
w_slot_shortcut_shift_id7.png 0.562500000000 0.695312500000 0.585937500000 0.718750000000
w_slot_shortcut_shift_id8.png 0.585937500000 0.695312500000 0.609375000000 0.718750000000
w_slot_shortcut_shift_id9.png 0.609375000000 0.695312500000 0.632812500000 0.718750000000
ef_over_more.png 0.632812500000 0.695312500000 0.656250000000 0.718750000000
ico_source_knowledge.png 0.656250000000 0.695312500000 0.677734375000 0.718750000000
filter_tp.png 0.679687500000 0.695312500000 0.703125000000 0.710937500000
small_task_generic.png 0.984375000000 0.000000000000 1.000000000000 0.015625000000
small_task_guild.png 0.984375000000 0.015625000000 1.000000000000 0.031250000000
small_task_rite.png 0.984375000000 0.031250000000 1.000000000000 0.046875000000
small_task_travel.png 0.984375000000 0.046875000000 1.000000000000 0.062500000000
small_task_craft.png 0.984375000000 0.062500000000 1.000000000000 0.078125000000
small_task_done.png 0.980468750000 0.078125000000 0.996093750000 0.093750000000
small_task_failed.png 0.980468750000 0.093750000000 0.996093750000 0.109375000000
small_task_fight.png 0.023437500000 0.511718750000 0.039062500000 0.527343750000
small_task_forage.png 0.984375000000 0.515625000000 1.000000000000 0.531250000000
num_slash.png 0.023437500000 0.527343750000 0.035156250000 0.541015625000
W_leader.png 0.257812500000 0.546875000000 0.270507812500 0.558593750000
w_major.png 0.445312500000 0.562500000000 0.457031250000 0.574218750000
tb_mode.png 0.984375000000 0.585937500000 0.996093750000 0.597656250000
profile.png 0.984375000000 0.597656250000 0.996093750000 0.609375000000
