r2ed_create_location.png 0.000000000000 0.000000000000 0.195312500000 0.195312500000
W_radar.png 0.195312500000 0.000000000000 0.320312500000 0.125000000000
skin_blank.png 0.320312500000 0.000000000000 0.445312500000 0.125000000000
skin_l1_blank.png 0.195312500000 0.125000000000 0.320312500000 0.250000000000
skin_header_m.png 0.000000000000 0.250000000000 0.250000000000 0.281250000000
r2ed_winter.png 0.320312500000 0.125000000000 0.398437500000 0.203125000000
r2ed_fall.png 0.398437500000 0.125000000000 0.476562500000 0.203125000000
r2ed_spring.png 0.320312500000 0.203125000000 0.398437500000 0.281250000000
r2ed_summer.png 0.398437500000 0.203125000000 0.476562500000 0.281250000000
r2ed_newLocation.png 0.250000000000 0.250000000000 0.312500000000 0.312500000000
r2ed_previousLocations.png 0.000000000000 0.281250000000 0.062500000000 0.343750000000
r2_jungle_back.png 0.062500000000 0.281250000000 0.125000000000 0.343750000000
r2ed_strictRules.png 0.125000000000 0.281250000000 0.187500000000 0.343750000000
r2_lakes_back.png 0.187500000000 0.281250000000 0.250000000000 0.343750000000
r2_roots_back.png 0.312500000000 0.281250000000 0.375000000000 0.343750000000
r2_desert_back.png 0.375000000000 0.281250000000 0.437500000000 0.343750000000
r2_forest_back.png 0.437500000000 0.281250000000 0.500000000000 0.343750000000
r2ed_liberalRules.png 0.250000000000 0.312500000000 0.312500000000 0.375000000000
r2_map_edge_arrow.png 0.000000000000 0.375000000000 0.500000000000 0.381835937500
W_slot_jauge_3.png 0.000000000000 0.195312500000 0.123046875000 0.220703125000
Bulle_IA.png 0.125000000000 0.195312500000 0.187500000000 0.242187500000
jauge.png 0.000000000000 0.343750000000 0.152343750000 0.359375000000
slot_jauge.png 0.312500000000 0.343750000000 0.464843750000 0.359375000000
W_slot_categorie.png 0.445312500000 0.000000000000 0.492187500000 0.046875000000
w_slot_icon.png 0.445312500000 0.046875000000 0.492187500000 0.093750000000
r2_main_menu_full_over.png 0.152343750000 0.343750000000 0.218750000000 0.375000000000
r2_main_menu_full_pushed.png 0.000000000000 0.382812500000 0.066406250000 0.414062500000
r2_main_menu_full.png 0.066406250000 0.382812500000 0.132812500000 0.414062500000
item_selection.png 0.132812500000 0.382812500000 0.177734375000 0.427734375000
skin_m_open.png 0.476562500000 0.093750000000 0.492187500000 0.218750000000
slot_jauge_action.png 0.000000000000 0.222656250000 0.089843750000 0.242187500000
jauge_action.png 0.179687500000 0.382812500000 0.269531250000 0.402343750000
W_slot_item.png 0.269531250000 0.382812500000 0.310546875000 0.423828125000
W_slot_item_selected.png 0.312500000000 0.382812500000 0.353515625000 0.423828125000
ryzhome_add_item.png 0.355468750000 0.382812500000 0.396484375000 0.423828125000
ryzhome_invite.png 0.398437500000 0.382812500000 0.439453125000 0.423828125000
ryzhome_item.png 0.441406250000 0.382812500000 0.482421875000 0.423828125000
ryzhome_move_item.png 0.179687500000 0.402343750000 0.220703125000 0.443359375000
ryzhome_remove_item.png 0.222656250000 0.402343750000 0.263671875000 0.443359375000
curs_pick_dup.png 0.000000000000 0.414062500000 0.042968750000 0.452148437500
r2_player_admin.png 0.042968750000 0.414062500000 0.085937500000 0.452148437500
r2_player_admin_over.png 0.085937500000 0.414062500000 0.128906250000 0.452148437500
r2_player_admin_pushed.png 0.265625000000 0.425781250000 0.308593750000 0.463867187500
curs_resize_BL_TR.png 0.308593750000 0.425781250000 0.351562500000 0.463867187500
r2_scenario_admin.png 0.351562500000 0.425781250000 0.394531250000 0.463867187500
r2_scenario_admin_over.png 0.394531250000 0.425781250000 0.437500000000 0.463867187500
r2_scenario_admin_pushed.png 0.437500000000 0.425781250000 0.480468750000 0.463867187500
r2_stop_live.png 0.128906250000 0.429687500000 0.171875000000 0.467773437500
r2_stop_live_over.png 0.171875000000 0.445312500000 0.214843750000 0.483398437500
r2_stop_live_pushed.png 0.214843750000 0.445312500000 0.257812500000 0.483398437500
r2ed_create_dialog.png 0.000000000000 0.453125000000 0.042968750000 0.491210937500
r2ed_create_dialog_over.png 0.042968750000 0.453125000000 0.085937500000 0.491210937500
r2ed_create_dialog_pushed.png 0.085937500000 0.453125000000 0.128906250000 0.491210937500
curs_resize_BR_TL.png 0.492187500000 0.000000000000 0.535156250000 0.038085937500
curs_resize_LR.png 0.535156250000 0.000000000000 0.578125000000 0.038085937500
r2ed_feature_bandit_camp.png 0.578125000000 0.000000000000 0.621093750000 0.038085937500
r2ed_feature_bandit_camp_over.png 0.621093750000 0.000000000000 0.664062500000 0.038085937500
r2ed_feature_bandit_camp_pushed.png 0.664062500000 0.000000000000 0.707031250000 0.038085937500
r2ed_feature_fauna.png 0.707031250000 0.000000000000 0.750000000000 0.038085937500
r2ed_feature_fauna_over.png 0.750000000000 0.000000000000 0.792968750000 0.038085937500
r2ed_feature_fauna_pushed.png 0.792968750000 0.000000000000 0.835937500000 0.038085937500
r2ed_feature_fauna_system.png 0.835937500000 0.000000000000 0.878906250000 0.038085937500
r2ed_feature_fauna_system_over.png 0.878906250000 0.000000000000 0.921875000000 0.038085937500
r2ed_feature_fauna_system_pushed.png 0.921875000000 0.000000000000 0.964843750000 0.038085937500
r2ed_feature_kitins_lair.png 0.492187500000 0.039062500000 0.535156250000 0.077148437500
r2ed_feature_kitins_lair_over.png 0.535156250000 0.039062500000 0.578125000000 0.077148437500
r2ed_feature_kitins_lair_pushed.png 0.578125000000 0.039062500000 0.621093750000 0.077148437500
r2ed_feature_loot_spawner.png 0.621093750000 0.039062500000 0.664062500000 0.077148437500
r2ed_feature_loot_spawner_over.png 0.664062500000 0.039062500000 0.707031250000 0.077148437500
r2ed_feature_loot_spawner_pushed.png 0.707031250000 0.039062500000 0.750000000000 0.077148437500
r2ed_feature_timer.png 0.750000000000 0.039062500000 0.792968750000 0.077148437500
r2ed_feature_timer_over.png 0.792968750000 0.039062500000 0.835937500000 0.077148437500
r2ed_feature_timer_pushed.png 0.835937500000 0.039062500000 0.878906250000 0.077148437500
curs_resize_TB.png 0.878906250000 0.039062500000 0.921875000000 0.077148437500
curs_rotate.png 0.921875000000 0.039062500000 0.964843750000 0.077148437500
curs_scale.png 0.492187500000 0.078125000000 0.535156250000 0.116210937500
curs_stop.png 0.535156250000 0.078125000000 0.578125000000 0.116210937500
curs_can_pan.png 0.578125000000 0.078125000000 0.621093750000 0.116210937500
curs_can_pan_dup.png 0.621093750000 0.078125000000 0.664062500000 0.116210937500
r2ed_tool_can_pick.png 0.664062500000 0.078125000000 0.707031250000 0.116210937500
r2ed_tool_can_rotate.png 0.707031250000 0.078125000000 0.750000000000 0.116210937500
r2ed_tool_can_rotate_over.png 0.750000000000 0.078125000000 0.792968750000 0.116210937500
r2ed_tool_can_rotate_pushed.png 0.792968750000 0.078125000000 0.835937500000 0.116210937500
r2ed_tool_copy.png 0.835937500000 0.078125000000 0.878906250000 0.116210937500
r2ed_tool_copy_over.png 0.878906250000 0.078125000000 0.921875000000 0.116210937500
r2ed_tool_copy_pushed.png 0.921875000000 0.078125000000 0.964843750000 0.116210937500
r2ed_tool_display_mode.png 0.492187500000 0.117187500000 0.535156250000 0.155273437500
r2ed_tool_display_mode_over.png 0.535156250000 0.117187500000 0.578125000000 0.155273437500
r2ed_tool_display_mode_pushed.png 0.578125000000 0.117187500000 0.621093750000 0.155273437500
r2ed_tool_draw_region.png 0.621093750000 0.117187500000 0.664062500000 0.155273437500
r2ed_tool_draw_region_over.png 0.664062500000 0.117187500000 0.707031250000 0.155273437500
r2ed_tool_draw_region_pushed.png 0.707031250000 0.117187500000 0.750000000000 0.155273437500
r2ed_tool_draw_road.png 0.750000000000 0.117187500000 0.792968750000 0.155273437500
r2ed_tool_draw_road_over.png 0.792968750000 0.117187500000 0.835937500000 0.155273437500
r2ed_tool_draw_road_pushed.png 0.835937500000 0.117187500000 0.878906250000 0.155273437500
r2ed_tool_freeze_object.png 0.878906250000 0.117187500000 0.921875000000 0.155273437500
r2ed_tool_freeze_object_over.png 0.921875000000 0.117187500000 0.964843750000 0.155273437500
r2ed_tool_freeze_object_pushed.png 0.492187500000 0.156250000000 0.535156250000 0.194335937500
r2ed_tool_go_test.png 0.535156250000 0.156250000000 0.578125000000 0.194335937500
r2ed_tool_go_test_over.png 0.578125000000 0.156250000000 0.621093750000 0.194335937500
r2ed_tool_go_test_pushed.png 0.621093750000 0.156250000000 0.664062500000 0.194335937500
r2ed_tool_map_window.png 0.664062500000 0.156250000000 0.707031250000 0.194335937500
r2ed_tool_map_window_over.png 0.707031250000 0.156250000000 0.750000000000 0.194335937500
r2ed_tool_map_window_pushed.png 0.750000000000 0.156250000000 0.792968750000 0.194335937500
r2ed_tool_palette_window.png 0.792968750000 0.156250000000 0.835937500000 0.194335937500
r2ed_tool_palette_window_over.png 0.835937500000 0.156250000000 0.878906250000 0.194335937500
r2ed_tool_palette_window_pushed.png 0.878906250000 0.156250000000 0.921875000000 0.194335937500
r2ed_tool_paste.png 0.921875000000 0.156250000000 0.964843750000 0.194335937500
r2ed_tool_paste_over.png 0.492187500000 0.195312500000 0.535156250000 0.233398437500
r2ed_tool_paste_pushed.png 0.535156250000 0.195312500000 0.578125000000 0.233398437500
r2ed_tool_pick.png 0.578125000000 0.195312500000 0.621093750000 0.233398437500
r2ed_tool_prim_display_mode.png 0.621093750000 0.195312500000 0.664062500000 0.233398437500
r2ed_tool_prim_display_mode_over.png 0.664062500000 0.195312500000 0.707031250000 0.233398437500
r2ed_tool_prim_display_mode_pushed.png 0.707031250000 0.195312500000 0.750000000000 0.233398437500
r2ed_tool_redo.png 0.750000000000 0.195312500000 0.792968750000 0.233398437500
r2ed_tool_redo_disabled.png 0.792968750000 0.195312500000 0.835937500000 0.233398437500
r2ed_tool_redo_over.png 0.835937500000 0.195312500000 0.878906250000 0.233398437500
r2ed_tool_redo_pushed.png 0.878906250000 0.195312500000 0.921875000000 0.233398437500
r2ed_tool_rotate.png 0.921875000000 0.195312500000 0.964843750000 0.233398437500
r2ed_tool_rotate_over.png 0.476562500000 0.234375000000 0.519531250000 0.272460937500
r2ed_tool_rotate_pushed.png 0.519531250000 0.234375000000 0.562500000000 0.272460937500
r2ed_tool_rotating.png 0.562500000000 0.234375000000 0.605468750000 0.272460937500
r2ed_tool_scenario_window.png 0.605468750000 0.234375000000 0.648437500000 0.272460937500
r2ed_tool_scenario_window_over.png 0.648437500000 0.234375000000 0.691406250000 0.272460937500
r2ed_tool_scenario_window_pushed.png 0.691406250000 0.234375000000 0.734375000000 0.272460937500
r2ed_tool_select.png 0.734375000000 0.234375000000 0.777343750000 0.272460937500
r2ed_tool_select_move.png 0.777343750000 0.234375000000 0.820312500000 0.272460937500
r2ed_tool_select_move_over.png 0.820312500000 0.234375000000 0.863281250000 0.272460937500
r2ed_tool_select_move_pushed.png 0.863281250000 0.234375000000 0.906250000000 0.272460937500
r2ed_tool_select_over.png 0.906250000000 0.234375000000 0.949218750000 0.272460937500
r2ed_tool_select_pushed.png 0.949218750000 0.234375000000 0.992187500000 0.272460937500
r2ed_tool_start.png 0.500000000000 0.273437500000 0.542968750000 0.311523437500
r2ed_tool_start_over.png 0.542968750000 0.273437500000 0.585937500000 0.311523437500
r2ed_tool_start_pushed.png 0.585937500000 0.273437500000 0.628906250000 0.311523437500
r2ed_tool_stop.png 0.628906250000 0.273437500000 0.671875000000 0.311523437500
r2ed_tool_stop_over.png 0.671875000000 0.273437500000 0.714843750000 0.311523437500
r2ed_tool_stop_pushed.png 0.714843750000 0.273437500000 0.757812500000 0.311523437500
r2ed_tool_teleport.png 0.757812500000 0.273437500000 0.800781250000 0.311523437500
r2ed_tool_teleport_over.png 0.800781250000 0.273437500000 0.843750000000 0.311523437500
r2ed_tool_teleport_pushed.png 0.843750000000 0.273437500000 0.886718750000 0.311523437500
r2ed_tool_undo.png 0.886718750000 0.273437500000 0.929687500000 0.311523437500
r2ed_tool_undo_disabled.png 0.929687500000 0.273437500000 0.972656250000 0.311523437500
r2ed_tool_undo_over.png 0.500000000000 0.312500000000 0.542968750000 0.350585937500
r2ed_tool_undo_pushed.png 0.542968750000 0.312500000000 0.585937500000 0.350585937500
r2ed_tool_unfreeze_object.png 0.585937500000 0.312500000000 0.628906250000 0.350585937500
r2ed_tool_unfreeze_object_over.png 0.628906250000 0.312500000000 0.671875000000 0.350585937500
r2ed_tool_unfreeze_object_pushed.png 0.671875000000 0.312500000000 0.714843750000 0.350585937500
curs_create.png 0.714843750000 0.312500000000 0.757812500000 0.350585937500
curs_create_multi.png 0.757812500000 0.312500000000 0.800781250000 0.350585937500
curs_create_vertex_invalid.png 0.800781250000 0.312500000000 0.843750000000 0.350585937500
r2_hand_can_pan.png 0.843750000000 0.312500000000 0.886718750000 0.350585937500
r2_hand_pan.png 0.886718750000 0.312500000000 0.929687500000 0.350585937500
r2_icon_dm_mode.png 0.929687500000 0.312500000000 0.972656250000 0.350585937500
r2_icon_dm_mode_over.png 0.500000000000 0.351562500000 0.542968750000 0.389648437500
r2_icon_dm_mode_pushed.png 0.542968750000 0.351562500000 0.585937500000 0.389648437500
curs_default.png 0.585937500000 0.351562500000 0.628906250000 0.389648437500
curs_dup.png 0.628906250000 0.351562500000 0.671875000000 0.389648437500
curs_pan.png 0.671875000000 0.351562500000 0.714843750000 0.389648437500
curs_pan_dup.png 0.714843750000 0.351562500000 0.757812500000 0.389648437500
curs_pick.png 0.757812500000 0.351562500000 0.800781250000 0.389648437500
W_AR_pantabotte.png 0.800781250000 0.351562500000 0.839843750000 0.390625000000
sapload.png 0.839843750000 0.351562500000 0.878906250000 0.390625000000
W_AR_armpad.png 0.878906250000 0.351562500000 0.917968750000 0.390625000000
W_AR_botte.png 0.917968750000 0.351562500000 0.957031250000 0.390625000000
W_AR_gilet.png 0.957031250000 0.351562500000 0.996093750000 0.390625000000
W_AR_hand.png 0.484375000000 0.390625000000 0.523437500000 0.429687500000
W_AR_helmet.png 0.523437500000 0.390625000000 0.562500000000 0.429687500000
hand_left.png 0.562500000000 0.390625000000 0.601562500000 0.429687500000
hand_right.png 0.601562500000 0.390625000000 0.640625000000 0.429687500000
r2_map_edge_stipple.png 0.480468750000 0.429687500000 0.980468750000 0.432617187500
Skin_L2.png 0.992187500000 0.000000000000 0.998046875000 0.250000000000
r2_main_bl.png 0.640625000000 0.390625000000 0.679687500000 0.422851562500
W_slot_jauge_1.png 0.000000000000 0.359375000000 0.123046875000 0.369140625000
W_slot_blason.png 0.679687500000 0.390625000000 0.712890625000 0.423828125000
W_slot_blason_over.png 0.714843750000 0.390625000000 0.748046875000 0.423828125000
W_header_L.png 0.750000000000 0.390625000000 0.796875000000 0.414062500000
Bg_source_mid.png 0.000000000000 0.242187500000 0.148437500000 0.249023437500
r2_icon_stop_acts.png 0.445312500000 0.093750000000 0.476562500000 0.125000000000
r2_icon_stop_acts_over.png 0.218750000000 0.343750000000 0.250000000000 0.375000000000
r2_icon_stop_acts_pushed.png 0.464843750000 0.343750000000 0.496093750000 0.375000000000
r2_icon_stop_possess.png 0.796875000000 0.390625000000 0.828125000000 0.421875000000
r2_icon_stop_possess_over.png 0.828125000000 0.390625000000 0.859375000000 0.421875000000
r2_icon_stop_possess_pushed.png 0.859375000000 0.390625000000 0.890625000000 0.421875000000
r2_icon_stop_speak.png 0.890625000000 0.390625000000 0.921875000000 0.421875000000
r2_icon_stop_speak_over.png 0.921875000000 0.390625000000 0.953125000000 0.421875000000
r2ed_icon_stop.png 0.953125000000 0.390625000000 0.984375000000 0.421875000000
r2_icon_stop_speak_pushed.png 0.480468750000 0.433593750000 0.511718750000 0.464843750000
r2_icon_test_mode.png 0.511718750000 0.433593750000 0.542968750000 0.464843750000
r2ed_permanent_content.png 0.542968750000 0.433593750000 0.574218750000 0.464843750000
r2ed_permanent_content_over.png 0.574218750000 0.433593750000 0.605468750000 0.464843750000
r2ed_permanent_content_pushed.png 0.605468750000 0.433593750000 0.636718750000 0.464843750000
r2_icon_test_mode_over.png 0.636718750000 0.433593750000 0.667968750000 0.464843750000
r2_icon_test_mode_pushed.png 0.667968750000 0.433593750000 0.699218750000 0.464843750000
r2_icon_weather.png 0.699218750000 0.433593750000 0.730468750000 0.464843750000
r2_icon_weather_over.png 0.730468750000 0.433593750000 0.761718750000 0.464843750000
r2_icon_weather_pushed.png 0.761718750000 0.433593750000 0.792968750000 0.464843750000
r2_allow.png 0.792968750000 0.433593750000 0.824218750000 0.464843750000
IA_Surpris.png 0.824218750000 0.433593750000 0.855468750000 0.464843750000
Building_state2.png 0.855468750000 0.433593750000 0.886718750000 0.464843750000
r2_frustum.png 0.886718750000 0.433593750000 0.917968750000 0.464843750000
curs_L.png 0.917968750000 0.433593750000 0.949218750000 0.464843750000
curs_L_no_mouse.png 0.949218750000 0.433593750000 0.980468750000 0.464843750000
r2_icon_acts.png 0.257812500000 0.464843750000 0.289062500000 0.496093750000
r2_icon_acts_over.png 0.289062500000 0.464843750000 0.320312500000 0.496093750000
r2_icon_acts_pushed.png 0.320312500000 0.464843750000 0.351562500000 0.496093750000
r2_icon_add_hp.png 0.351562500000 0.464843750000 0.382812500000 0.496093750000
r2_icon_add_hp_over.png 0.382812500000 0.464843750000 0.414062500000 0.496093750000
r2_icon_add_hp_pushed.png 0.414062500000 0.464843750000 0.445312500000 0.496093750000
r2_scenario.png 0.445312500000 0.464843750000 0.476562500000 0.496093750000
r2_icon_animation_give.png 0.476562500000 0.464843750000 0.507812500000 0.496093750000
r2_icon_animation_give_over.png 0.507812500000 0.464843750000 0.539062500000 0.496093750000
r2ed_tool_extend_prim.png 0.539062500000 0.464843750000 0.570312500000 0.496093750000
r2ed_tool_extend_prim_over.png 0.570312500000 0.464843750000 0.601562500000 0.496093750000
r2ed_tool_extend_prim_pushed.png 0.601562500000 0.464843750000 0.632812500000 0.496093750000
r2_icon_animation_give_pushed.png 0.632812500000 0.464843750000 0.664062500000 0.496093750000
r2_icon_animation_target.png 0.664062500000 0.464843750000 0.695312500000 0.496093750000
r2_icon_animation_target_over.png 0.695312500000 0.464843750000 0.726562500000 0.496093750000
r2_icon_animation_target_pushed.png 0.726562500000 0.464843750000 0.757812500000 0.496093750000
r2_toolbar_customize_look.png 0.757812500000 0.464843750000 0.789062500000 0.496093750000
r2_toolbar_customize_look_over.png 0.789062500000 0.464843750000 0.820312500000 0.496093750000
r2_toolbar_customize_look_pushed.png 0.820312500000 0.464843750000 0.851562500000 0.496093750000
r2_toolbar_customize_over.png 0.851562500000 0.464843750000 0.882812500000 0.496093750000
r2_toolbar_customize_pushed.png 0.882812500000 0.464843750000 0.914062500000 0.496093750000
r2ed_tool_new_vertex.png 0.914062500000 0.464843750000 0.945312500000 0.496093750000
r2ed_tool_new_vertex_over.png 0.945312500000 0.464843750000 0.976562500000 0.496093750000
r2ed_tool_new_vertex_pushed.png 0.128906250000 0.468750000000 0.160156250000 0.500000000000
r2_toolbar_delete.png 0.160156250000 0.484375000000 0.191406250000 0.515625000000
r2_toolbar_delete_over.png 0.191406250000 0.484375000000 0.222656250000 0.515625000000
r2_toolbar_delete_pushed.png 0.222656250000 0.484375000000 0.253906250000 0.515625000000
r2_toolbar_follow_road.png 0.000000000000 0.492187500000 0.031250000000 0.523437500000
r2_toolbar_follow_road_over.png 0.031250000000 0.492187500000 0.062500000000 0.523437500000
r2_toolbar_follow_road_pushed.png 0.062500000000 0.492187500000 0.093750000000 0.523437500000
r2_toolbar_group.png 0.093750000000 0.492187500000 0.125000000000 0.523437500000
r2_toolbar_group_over.png 0.253906250000 0.496093750000 0.285156250000 0.527343750000
r2_toolbar_group_pushed.png 0.285156250000 0.496093750000 0.316406250000 0.527343750000
r2_toolbar_kill.png 0.316406250000 0.496093750000 0.347656250000 0.527343750000
r2_toolbar_kill_over.png 0.347656250000 0.496093750000 0.378906250000 0.527343750000
r2_toolbar_kill_pushed.png 0.378906250000 0.496093750000 0.410156250000 0.527343750000
r2_toolbar_patrol_road.png 0.410156250000 0.496093750000 0.441406250000 0.527343750000
r2_toolbar_patrol_road_over.png 0.441406250000 0.496093750000 0.472656250000 0.527343750000
r2_toolbar_patrol_road_pushed.png 0.472656250000 0.496093750000 0.503906250000 0.527343750000
r2_toolbar_properties.png 0.503906250000 0.496093750000 0.535156250000 0.527343750000
r2_toolbar_properties_over.png 0.535156250000 0.496093750000 0.566406250000 0.527343750000
r2_toolbar_properties_pushed.png 0.566406250000 0.496093750000 0.597656250000 0.527343750000
r2_toolbar_repeat_road.png 0.597656250000 0.496093750000 0.628906250000 0.527343750000
r2_toolbar_repeat_road_over.png 0.628906250000 0.496093750000 0.660156250000 0.527343750000
r2_toolbar_repeat_road_pushed.png 0.660156250000 0.496093750000 0.691406250000 0.527343750000
r2_toolbar_set_as_leader.png 0.691406250000 0.496093750000 0.722656250000 0.527343750000
r2_toolbar_set_as_leader_over.png 0.722656250000 0.496093750000 0.753906250000 0.527343750000
r2_toolbar_set_as_leader_pushed.png 0.753906250000 0.496093750000 0.785156250000 0.527343750000
r2_toolbar_stand_still.png 0.785156250000 0.496093750000 0.816406250000 0.527343750000
r2_toolbar_stand_still_over.png 0.816406250000 0.496093750000 0.847656250000 0.527343750000
r2_toolbar_stand_still_pushed.png 0.847656250000 0.496093750000 0.878906250000 0.527343750000
r2_toolbar_ungroup.png 0.878906250000 0.496093750000 0.910156250000 0.527343750000
r2_toolbar_ungroup_over.png 0.910156250000 0.496093750000 0.941406250000 0.527343750000
r2_toolbar_ungroup_pushed.png 0.941406250000 0.496093750000 0.972656250000 0.527343750000
r2_toolbar_wander_zone.png 0.125000000000 0.500000000000 0.156250000000 0.531250000000
r2_toolbar_wander_zone_over.png 0.156250000000 0.515625000000 0.187500000000 0.546875000000
r2_toolbar_wander_zone_pushed.png 0.187500000000 0.515625000000 0.218750000000 0.546875000000
r2_icon_animation_triggers.png 0.218750000000 0.515625000000 0.250000000000 0.546875000000
r2_icon_animation_triggers_over.png 0.000000000000 0.523437500000 0.031250000000 0.554687500000
r2_icon_animation_triggers_pushed.png 0.031250000000 0.523437500000 0.062500000000 0.554687500000
r2_icon_despawn.png 0.062500000000 0.523437500000 0.093750000000 0.554687500000
r2ed_current_act_content.png 0.093750000000 0.523437500000 0.125000000000 0.554687500000
r2ed_current_act_content_over.png 0.250000000000 0.527343750000 0.281250000000 0.558593750000
r2ed_current_act_content_pushed.png 0.281250000000 0.527343750000 0.312500000000 0.558593750000
r2ed_edit_dialog.png 0.312500000000 0.527343750000 0.343750000000 0.558593750000
r2ed_edit_dialog_over.png 0.343750000000 0.527343750000 0.375000000000 0.558593750000
r2ed_edit_dialog_pushed.png 0.375000000000 0.527343750000 0.406250000000 0.558593750000
r2ed_toolbar_feed_zone.png 0.406250000000 0.527343750000 0.437500000000 0.558593750000
r2ed_toolbar_feed_zone_over.png 0.437500000000 0.527343750000 0.468750000000 0.558593750000
r2ed_toolbar_feed_zone_pushed.png 0.468750000000 0.527343750000 0.500000000000 0.558593750000
r2ed_toolbar_freeze.png 0.500000000000 0.527343750000 0.531250000000 0.558593750000
r2ed_toolbar_freeze_over.png 0.531250000000 0.527343750000 0.562500000000 0.558593750000
r2ed_toolbar_freeze_pushed.png 0.562500000000 0.527343750000 0.593750000000 0.558593750000
r2ed_toolbar_guard_zone.png 0.593750000000 0.527343750000 0.625000000000 0.558593750000
r2ed_toolbar_guard_zone_over.png 0.625000000000 0.527343750000 0.656250000000 0.558593750000
r2ed_toolbar_guard_zone_pushed.png 0.656250000000 0.527343750000 0.687500000000 0.558593750000
r2ed_toolbar_hide.png 0.687500000000 0.527343750000 0.718750000000 0.558593750000
r2ed_toolbar_hide_over.png 0.718750000000 0.527343750000 0.750000000000 0.558593750000
r2ed_toolbar_hide_pushed.png 0.750000000000 0.527343750000 0.781250000000 0.558593750000
r2ed_toolbar_hunt_zone.png 0.781250000000 0.527343750000 0.812500000000 0.558593750000
r2ed_toolbar_hunt_zone_over.png 0.812500000000 0.527343750000 0.843750000000 0.558593750000
r2ed_toolbar_hunt_zone_pushed.png 0.843750000000 0.527343750000 0.875000000000 0.558593750000
r2ed_toolbar_lock.png 0.875000000000 0.527343750000 0.906250000000 0.558593750000
r2ed_toolbar_lock_over.png 0.906250000000 0.527343750000 0.937500000000 0.558593750000
r2ed_toolbar_lock_pushed.png 0.937500000000 0.527343750000 0.968750000000 0.558593750000
r2ed_toolbar_rest_zone.png 0.968750000000 0.527343750000 1.000000000000 0.558593750000
r2ed_toolbar_rest_zone_over.png 0.125000000000 0.531250000000 0.156250000000 0.562500000000
r2ed_toolbar_rest_zone_pushed.png 0.156250000000 0.546875000000 0.187500000000 0.578125000000
r2ed_toolbar_show.png 0.187500000000 0.546875000000 0.218750000000 0.578125000000
r2ed_toolbar_show_over.png 0.218750000000 0.546875000000 0.250000000000 0.578125000000
r2ed_toolbar_show_pushed.png 0.000000000000 0.554687500000 0.031250000000 0.585937500000
r2ed_toolbar_unfreeze.png 0.031250000000 0.554687500000 0.062500000000 0.585937500000
r2ed_toolbar_unfreeze_over.png 0.062500000000 0.554687500000 0.093750000000 0.585937500000
r2ed_toolbar_unfreeze_pushed.png 0.093750000000 0.554687500000 0.125000000000 0.585937500000
r2ed_toolbar_unlock.png 0.250000000000 0.558593750000 0.281250000000 0.589843750000
r2ed_toolbar_unlock_over.png 0.281250000000 0.558593750000 0.312500000000 0.589843750000
r2ed_toolbar_unlock_pushed.png 0.312500000000 0.558593750000 0.343750000000 0.589843750000
r2ed_toolbar_work_zone.png 0.343750000000 0.558593750000 0.375000000000 0.589843750000
r2ed_toolbar_work_zone_over.png 0.375000000000 0.558593750000 0.406250000000 0.589843750000
r2ed_toolbar_work_zone_pushed.png 0.406250000000 0.558593750000 0.437500000000 0.589843750000
r2ed_edit_events.png 0.437500000000 0.558593750000 0.468750000000 0.589843750000
r2ed_edit_events_over.png 0.468750000000 0.558593750000 0.500000000000 0.589843750000
r2ed_edit_events_pushed.png 0.500000000000 0.558593750000 0.531250000000 0.589843750000
r2_icon_despawn_over.png 0.531250000000 0.558593750000 0.562500000000 0.589843750000
r2_icon_despawn_pushed.png 0.562500000000 0.558593750000 0.593750000000 0.589843750000
curs_R.png 0.593750000000 0.558593750000 0.625000000000 0.589843750000
Skin_scroll_H.png 0.312500000000 0.359375000000 0.437500000000 0.367187500000
skin_b.png 0.312500000000 0.367187500000 0.437500000000 0.375000000000
skin_b_open.png 0.750000000000 0.421875000000 0.875000000000 0.429687500000
Building_state1.png 0.625000000000 0.558593750000 0.656250000000 0.589843750000
skin_em_open.png 0.875000000000 0.421875000000 1.000000000000 0.429687500000
r2_icon_possess.png 0.656250000000 0.558593750000 0.687500000000 0.589843750000
skin_l.png 0.964843750000 0.000000000000 0.972656250000 0.125000000000
r2_icon_possess_over.png 0.687500000000 0.558593750000 0.718750000000 0.589843750000
r2_icon_possess_pushed.png 0.718750000000 0.558593750000 0.750000000000 0.589843750000
skin_r.png 0.972656250000 0.000000000000 0.980468750000 0.125000000000
skin_scroll_m.png 0.980468750000 0.000000000000 0.988281250000 0.125000000000
skin_t.png 0.750000000000 0.558593750000 0.875000000000 0.566406250000
r2_icon_speak_as.png 0.875000000000 0.558593750000 0.906250000000 0.589843750000
r2_icon_speak_as_over.png 0.906250000000 0.558593750000 0.937500000000 0.589843750000
r2_icon_speak_as_pushed.png 0.937500000000 0.558593750000 0.968750000000 0.589843750000
r2ed_clouds.png 0.750000000000 0.566406250000 0.789062500000 0.589843750000
r2ed_storm.png 0.789062500000 0.566406250000 0.828125000000 0.589843750000
Bg_jauge_mid.png 0.125000000000 0.578125000000 0.250000000000 0.584960937500
r2ed_lakes_l.png 0.964843750000 0.125000000000 0.992187500000 0.156250000000
r2ed_lakes_pushed_l.png 0.964843750000 0.156250000000 0.992187500000 0.187500000000
r2ed_jungle_l.png 0.964843750000 0.187500000000 0.991210937500 0.218750000000
r2ed_jungle_pushed_l.png 0.972656250000 0.273437500000 0.999023437500 0.304687500000
skin_header_r.png 0.972656250000 0.304687500000 0.998046875000 0.335937500000
r2ed_prime_roots_pushed_l.png 0.972656250000 0.496093750000 0.998046875000 0.527343750000
r2ed_desert_l.png 0.968750000000 0.558593750000 0.994140625000 0.589843750000
r2ed_desert_pushed_l.png 0.828125000000 0.566406250000 0.853515625000 0.597656250000
r2ed_prime_roots_l.png 0.000000000000 0.585937500000 0.025390625000 0.617187500000
W_trade_not_ready.png 0.027343750000 0.585937500000 0.066406250000 0.605468750000
r2_tab_sequence_pushed_l.png 0.066406250000 0.585937500000 0.093750000000 0.613281250000
r2_tab_wide_normal_l.png 0.093750000000 0.585937500000 0.121093750000 0.613281250000
r2_tab_wide_pushed_l.png 0.121093750000 0.585937500000 0.148437500000 0.613281250000
slot_brick.png 0.148437500000 0.585937500000 0.175781250000 0.613281250000
W_button_mode_over2.png 0.175781250000 0.585937500000 0.203125000000 0.613281250000
W_button_28_over.png 0.203125000000 0.585937500000 0.230468750000 0.613281250000
disconnect.png 0.230468750000 0.589843750000 0.257812500000 0.617187500000
Bulle_Say_TL.png 0.257812500000 0.589843750000 0.289062500000 0.613281250000
action_balance_cost.png 0.289062500000 0.589843750000 0.320312500000 0.613281250000
action_balance_cred.png 0.320312500000 0.589843750000 0.351562500000 0.613281250000
action_balance_equal.png 0.351562500000 0.589843750000 0.382812500000 0.613281250000
Bulle_Say_TR.png 0.382812500000 0.589843750000 0.414062500000 0.613281250000
skill_arbo_x_extend.png 0.976562500000 0.464843750000 1.000000000000 0.496093750000
Bulle_Think_L.png 0.414062500000 0.589843750000 0.445312500000 0.613281250000
Bulle_Think_R.png 0.445312500000 0.589843750000 0.476562500000 0.613281250000
Bulle_Say_L.png 0.476562500000 0.589843750000 0.507812500000 0.613281250000
Bulle_Say_R.png 0.507812500000 0.589843750000 0.539062500000 0.613281250000
W_slot_jauge_3_mini.png 0.539062500000 0.589843750000 0.601562500000 0.601562500000
Bg_source_bot.png 0.601562500000 0.589843750000 0.750000000000 0.594726562500
W_slot_jauge_1_tmin.png 0.750000000000 0.589843750000 0.808593750000 0.601562500000
r2_main_menu_over_r.png 0.855468750000 0.589843750000 0.876953125000 0.621093750000
r2_main_menu_pushed_l.png 0.878906250000 0.589843750000 0.900390625000 0.621093750000
r2_main_menu_pushed_r.png 0.902343750000 0.589843750000 0.923828125000 0.621093750000
r2_main_menu_normal_l.png 0.925781250000 0.589843750000 0.947265625000 0.621093750000
r2_main_menu_normal_r.png 0.949218750000 0.589843750000 0.970703125000 0.621093750000
r2_main_menu_over_l.png 0.972656250000 0.589843750000 0.994140625000 0.621093750000
W_slot_brick.png 0.601562500000 0.597656250000 0.626953125000 0.623046875000
W_slot_spell.png 0.628906250000 0.597656250000 0.654296875000 0.623046875000
W_slot_spell_over.png 0.656250000000 0.597656250000 0.681640625000 0.623046875000
action_cycle.png 0.683593750000 0.597656250000 0.708984375000 0.623046875000
action_next.png 0.710937500000 0.597656250000 0.736328125000 0.623046875000
W_slot_spell_selected.png 0.808593750000 0.597656250000 0.833984375000 0.623046875000
W_slot_brick_selected.png 0.539062500000 0.601562500000 0.564453125000 0.626953125000
w_slot_win_menu.png 0.566406250000 0.601562500000 0.591796875000 0.626953125000
r2ed_forest_pushed_l.png 0.738281250000 0.601562500000 0.758789062500 0.632812500000
r2ed_forest_l.png 0.761718750000 0.601562500000 0.782226562500 0.632812500000
Bg_jauge_bot.png 0.027343750000 0.613281250000 0.152343750000 0.618164062500
Bg_source_top.png 0.000000000000 0.371093750000 0.148437500000 0.375000000000
LM_respawn.png 0.785156250000 0.601562500000 0.808593750000 0.625000000000
LM_respawn_over.png 0.152343750000 0.613281250000 0.175781250000 0.636718750000
r2_toolbar_wander_zone_small.png 0.175781250000 0.613281250000 0.199218750000 0.636718750000
LM_respawn_pushed.png 0.199218750000 0.613281250000 0.222656250000 0.636718750000
r2ed_connected_char.png 0.257812500000 0.613281250000 0.281250000000 0.636718750000
r2ed_tool_new_vertex_small.png 0.281250000000 0.613281250000 0.304687500000 0.636718750000
LM_target.png 0.304687500000 0.613281250000 0.328125000000 0.636718750000
LM_target_over.png 0.328125000000 0.613281250000 0.351562500000 0.636718750000
LM_target_pushed.png 0.351562500000 0.613281250000 0.375000000000 0.636718750000
M_back.png 0.375000000000 0.613281250000 0.398437500000 0.636718750000
W_slot_brick_disabled.png 0.398437500000 0.613281250000 0.421875000000 0.636718750000
LM_continent.png 0.421875000000 0.613281250000 0.445312500000 0.636718750000
LM_continent_pushed.png 0.445312500000 0.613281250000 0.468750000000 0.636718750000
r2ed_current_act_content_small.png 0.468750000000 0.613281250000 0.492187500000 0.636718750000
TB_Forum_ring.png 0.492187500000 0.613281250000 0.515625000000 0.636718750000
TB_System.png 0.515625000000 0.613281250000 0.539062500000 0.636718750000
r2ed_down_element.png 0.000000000000 0.617187500000 0.023437500000 0.640625000000
TB_help.png 0.222656250000 0.617187500000 0.246093750000 0.640625000000
TB_identity.png 0.023437500000 0.621093750000 0.046875000000 0.644531250000
r2ed_edit_dialog_over_small.png 0.046875000000 0.621093750000 0.070312500000 0.644531250000
r2_palette_act.png 0.070312500000 0.621093750000 0.093750000000 0.644531250000
r2ed_edit_dialog_pushed_small.png 0.093750000000 0.621093750000 0.117187500000 0.644531250000
r2ed_edit_dialog_small.png 0.117187500000 0.621093750000 0.140625000000 0.644531250000
r2ed_tool_rotate_small.png 0.835937500000 0.621093750000 0.859375000000 0.644531250000
r2_palette_components.png 0.859375000000 0.621093750000 0.882812500000 0.644531250000
r2_palette_entities.png 0.882812500000 0.621093750000 0.906250000000 0.644531250000
r2ed_edit_events_over_small.png 0.906250000000 0.621093750000 0.929687500000 0.644531250000
r2_palette_objets.png 0.929687500000 0.621093750000 0.953125000000 0.644531250000
r2ed_edit_events_pushed_small.png 0.953125000000 0.621093750000 0.976562500000 0.644531250000
r2ed_edit_events_small.png 0.976562500000 0.621093750000 1.000000000000 0.644531250000
r2ed_entry_point.png 0.593750000000 0.625000000000 0.617187500000 0.648437500000
r2ed_entry_point_over.png 0.617187500000 0.625000000000 0.640625000000 0.648437500000
r2ed_tool_select_move_small.png 0.640625000000 0.625000000000 0.664062500000 0.648437500000
r2ed_entry_point_pushed.png 0.664062500000 0.625000000000 0.687500000000 0.648437500000
r2_palette_scenario.png 0.687500000000 0.625000000000 0.710937500000 0.648437500000
r2_palette_zones.png 0.710937500000 0.625000000000 0.734375000000 0.648437500000
TB_interaction.png 0.785156250000 0.625000000000 0.808593750000 0.648437500000
TB_inventory.png 0.808593750000 0.625000000000 0.832031250000 0.648437500000
TB_map.png 0.539062500000 0.628906250000 0.562500000000 0.652343750000
r2_icon_chat_small.png 0.562500000000 0.628906250000 0.585937500000 0.652343750000
TB_missions.png 0.734375000000 0.632812500000 0.757812500000 0.656250000000
TB_quit.png 0.757812500000 0.632812500000 0.781250000000 0.656250000000
TB_spellbook.png 0.140625000000 0.636718750000 0.164062500000 0.660156250000
ency_rite_done.png 0.164062500000 0.636718750000 0.187500000000 0.660156250000
r2_scenario_small.png 0.187500000000 0.636718750000 0.210937500000 0.660156250000
ency_rite_slot.png 0.246093750000 0.636718750000 0.269531250000 0.660156250000
forage_content.png 0.269531250000 0.636718750000 0.292968750000 0.660156250000
r2_icon_go_test_small.png 0.292968750000 0.636718750000 0.316406250000 0.660156250000
r2_icon_keys_small.png 0.316406250000 0.636718750000 0.339843750000 0.660156250000
r2_icon_light_off_small.png 0.339843750000 0.636718750000 0.363281250000 0.660156250000
r2_icon_light_on_small.png 0.363281250000 0.636718750000 0.386718750000 0.660156250000
r2_icon_load_small.png 0.386718750000 0.636718750000 0.410156250000 0.660156250000
r2_icon_mail_box_small.png 0.410156250000 0.636718750000 0.433593750000 0.660156250000
r2_icon_map_small.png 0.433593750000 0.636718750000 0.457031250000 0.660156250000
r2ed_toolbar_feed_zone_small.png 0.457031250000 0.636718750000 0.480468750000 0.660156250000
r2_toolbar_customize_look_small.png 0.480468750000 0.636718750000 0.503906250000 0.660156250000
r2ed_icon_move.png 0.503906250000 0.636718750000 0.527343750000 0.660156250000
r2ed_icon_newactivity.png 0.000000000000 0.640625000000 0.023437500000 0.664062500000
r2ed_toolbar_freeze_small.png 0.210937500000 0.640625000000 0.234375000000 0.664062500000
r2ed_icon_rotate.png 0.023437500000 0.644531250000 0.046875000000 0.667968750000
r2_icon_new_scenario_small.png 0.046875000000 0.644531250000 0.070312500000 0.667968750000
r2ed_invalid_event_small.png 0.070312500000 0.644531250000 0.093750000000 0.667968750000
r2ed_toolbar_guard_zone_small.png 0.093750000000 0.644531250000 0.117187500000 0.667968750000
r2_icon_palette_small.png 0.117187500000 0.644531250000 0.140625000000 0.667968750000
r2_icon_player_admin_small.png 0.832031250000 0.644531250000 0.855468750000 0.667968750000
r2ed_kicked_char.png 0.855468750000 0.644531250000 0.878906250000 0.667968750000
r2ed_toolbar_hide_small.png 0.878906250000 0.644531250000 0.902343750000 0.667968750000
forage_danger.png 0.902343750000 0.644531250000 0.925781250000 0.667968750000
forage_life.png 0.925781250000 0.644531250000 0.949218750000 0.667968750000
r2ed_left_sequence.png 0.949218750000 0.644531250000 0.972656250000 0.667968750000
r2ed_toolbar_hunt_zone_small.png 0.972656250000 0.644531250000 0.996093750000 0.667968750000
r2_toolbar_delete_small.png 0.585937500000 0.648437500000 0.609375000000 0.671875000000
forage_spawn.png 0.609375000000 0.648437500000 0.632812500000 0.671875000000
r2ed_not_current_act.png 0.632812500000 0.648437500000 0.656250000000 0.671875000000
r2ed_toolbar_lock_small.png 0.656250000000 0.648437500000 0.679687500000 0.671875000000
r2_icon_preferences.png 0.679687500000 0.648437500000 0.703125000000 0.671875000000
r2_icon_r2_small.png 0.703125000000 0.648437500000 0.726562500000 0.671875000000
r2_toolbar_follow_road_small.png 0.781250000000 0.648437500000 0.804687500000 0.671875000000
r2ed_toolbar_rest_zone_small.png 0.804687500000 0.648437500000 0.828125000000 0.671875000000
r2ed_permanent_content_small.png 0.527343750000 0.652343750000 0.550781250000 0.675781250000
r2_icon_resetwindows.png 0.550781250000 0.652343750000 0.574218750000 0.675781250000
r2_icon_save_small.png 0.726562500000 0.656250000000 0.750000000000 0.679687500000
r2ed_toolbar_show_small.png 0.750000000000 0.656250000000 0.773437500000 0.679687500000
r2_icon_scenario_prop.png 0.140625000000 0.660156250000 0.164062500000 0.683593750000
r2ed_right_sequence.png 0.164062500000 0.660156250000 0.187500000000 0.683593750000
r2_toolbar_group_small.png 0.187500000000 0.660156250000 0.210937500000 0.683593750000
r2ed_toolbar_unfreeze_small.png 0.234375000000 0.660156250000 0.257812500000 0.683593750000
r2_icon_scenario_small.png 0.257812500000 0.660156250000 0.281250000000 0.683593750000
forage_time.png 0.281250000000 0.660156250000 0.304687500000 0.683593750000
LM_home.png 0.304687500000 0.660156250000 0.328125000000 0.683593750000
r2ed_toolbar_unlock_small.png 0.328125000000 0.660156250000 0.351562500000 0.683593750000
r2ed_sun.png 0.351562500000 0.660156250000 0.375000000000 0.683593750000
r2_toolbar_kill_small.png 0.375000000000 0.660156250000 0.398437500000 0.683593750000
LM_home_over.png 0.398437500000 0.660156250000 0.421875000000 0.683593750000
r2ed_toolbar_work_zone_small.png 0.421875000000 0.660156250000 0.445312500000 0.683593750000
r2ed_up_element.png 0.445312500000 0.660156250000 0.468750000000 0.683593750000
LM_home_pushed.png 0.468750000000 0.660156250000 0.492187500000 0.683593750000
rap_invited_dm.png 0.492187500000 0.660156250000 0.515625000000 0.683593750000
rap_invited_no_dm.png 0.000000000000 0.664062500000 0.023437500000 0.687500000000
rap_not_invited_dm.png 0.210937500000 0.664062500000 0.234375000000 0.687500000000
LM_mission.png 0.023437500000 0.667968750000 0.046875000000 0.691406250000
r2_toolbar_patrol_road_small.png 0.046875000000 0.667968750000 0.070312500000 0.691406250000
LM_mission_pushed.png 0.070312500000 0.667968750000 0.093750000000 0.691406250000
r2_icon_stop_live_small.png 0.093750000000 0.667968750000 0.117187500000 0.691406250000
lm_user.png 0.117187500000 0.667968750000 0.140625000000 0.691406250000
r2_toolbar_properties_small.png 0.828125000000 0.667968750000 0.851562500000 0.691406250000
lm_user_pushed.png 0.851562500000 0.667968750000 0.875000000000 0.691406250000
mektoub_map.png 0.875000000000 0.667968750000 0.898437500000 0.691406250000
mektoub_map_over.png 0.898437500000 0.667968750000 0.921875000000 0.691406250000
r2_toolbar_repeat_road_small.png 0.921875000000 0.667968750000 0.945312500000 0.691406250000
pvp_green.png 0.945312500000 0.667968750000 0.968750000000 0.691406250000
pvp_orange.png 0.968750000000 0.667968750000 0.992187500000 0.691406250000
r2_icon_stop_test_small.png 0.574218750000 0.671875000000 0.597656250000 0.695312500000
r2_toolbar_set_as_leader_small.png 0.597656250000 0.671875000000 0.621093750000 0.695312500000
r2_icon_support.png 0.621093750000 0.671875000000 0.644531250000 0.695312500000
pvp_red.png 0.644531250000 0.671875000000 0.667968750000 0.695312500000
r2ed_tool_extend_prim_small.png 0.667968750000 0.671875000000 0.691406250000 0.695312500000
arbo_close_just_one_24.png 0.691406250000 0.671875000000 0.714843750000 0.695312500000
r2_toolbar_stand_still_small.png 0.773437500000 0.671875000000 0.796875000000 0.695312500000
r2_allow_small.png 0.796875000000 0.671875000000 0.820312500000 0.695312500000
arbo_level_24.png 0.515625000000 0.675781250000 0.539062500000 0.699218750000
LM_over.png 0.539062500000 0.675781250000 0.562500000000 0.699218750000
teammate_map.png 0.714843750000 0.679687500000 0.738281250000 0.703125000000
teammate_map_over.png 0.738281250000 0.679687500000 0.761718750000 0.703125000000
r2_toolbar_ungroup_small.png 0.140625000000 0.683593750000 0.164062500000 0.707031250000
W_button_24_over.png 0.164062500000 0.683593750000 0.187500000000 0.707031250000
fame_arrow_down.png 0.234375000000 0.683593750000 0.273437500000 0.697265625000
fame_arrow_up.png 0.273437500000 0.683593750000 0.312500000000 0.697265625000
fame_arrow_updown.png 0.312500000000 0.683593750000 0.351562500000 0.697265625000
fame_blank.png 0.351562500000 0.683593750000 0.390625000000 0.697265625000
consider_2.png 0.089843750000 0.222656250000 0.121093750000 0.238281250000
consider_3.png 0.125000000000 0.562500000000 0.156250000000 0.578125000000
consider_4.png 0.390625000000 0.683593750000 0.421875000000 0.699218750000
consider_5.png 0.421875000000 0.683593750000 0.453125000000 0.699218750000
consider_6.png 0.453125000000 0.683593750000 0.484375000000 0.699218750000
consider_7.png 0.484375000000 0.683593750000 0.515625000000 0.699218750000
r2_gradient.png 0.000000000000 0.691406250000 0.125000000000 0.695312500000
W_slot_consider.png 0.187500000000 0.687500000000 0.218750000000 0.703125000000
W_button_32_over.png 0.820312500000 0.691406250000 0.851562500000 0.707031250000
Bg_jauge_top.png 0.851562500000 0.691406250000 0.976562500000 0.695312500000
consider_1.png 0.000000000000 0.695312500000 0.031250000000 0.710937500000
r2ed_triggers_select.png 0.976562500000 0.691406250000 0.998046875000 0.713867187500
r2_select_menu_over_l.png 0.984375000000 0.390625000000 0.998046875000 0.421875000000
skill_arbo_close_just_one.png 0.980468750000 0.429687500000 0.994140625000 0.460937500000
skill_arbo_level.png 0.218750000000 0.687500000000 0.232421875000 0.718750000000
skill_arbo_open_first.png 0.125000000000 0.691406250000 0.138671875000 0.722656250000
skill_arbo_son.png 0.031250000000 0.695312500000 0.044921875000 0.726562500000
skill_arbo_son_last.png 0.046875000000 0.695312500000 0.060546875000 0.726562500000
skill_arbo_son_without_son.png 0.062500000000 0.695312500000 0.076171875000 0.726562500000
r2_select_menu_pushed_l.png 0.078125000000 0.695312500000 0.091796875000 0.726562500000
r2_select_menu_l.png 0.093750000000 0.695312500000 0.107421875000 0.726562500000
r2_icon_event_trigger_mini.png 0.855468750000 0.566406250000 0.875000000000 0.585937500000
r2_icon_event_trigger_mini_over.png 0.835937500000 0.597656250000 0.855468750000 0.617187500000
r2_icon_event_trigger_mini_pushed.png 0.562500000000 0.695312500000 0.582031250000 0.714843750000
r2_icon_dialog_mini.png 0.582031250000 0.695312500000 0.601562500000 0.714843750000
r2_icon_dialog_mini_over.png 0.601562500000 0.695312500000 0.621093750000 0.714843750000
r2_icon_dialog_mini_pushed.png 0.621093750000 0.695312500000 0.640625000000 0.714843750000
r2_icon_action_mini_over.png 0.640625000000 0.695312500000 0.660156250000 0.714843750000
r2_icon_action_mini_pushed.png 0.660156250000 0.695312500000 0.679687500000 0.714843750000
r2ed_open_activities.png 0.679687500000 0.695312500000 0.699218750000 0.714843750000
r2_icon_action_mini.png 0.761718750000 0.695312500000 0.781250000000 0.714843750000
r2_icon_reaction_mini.png 0.781250000000 0.695312500000 0.800781250000 0.714843750000
r2_icon_reaction_mini_over.png 0.800781250000 0.695312500000 0.820312500000 0.714843750000
r2_icon_reaction_mini_pushed.png 0.851562500000 0.695312500000 0.871093750000 0.714843750000
mp3_button_slot.png 0.871093750000 0.695312500000 0.892578125000 0.712890625000
W_mode_choice.png 0.109375000000 0.695312500000 0.123046875000 0.722656250000
W_button_mode_over.png 0.699218750000 0.695312500000 0.712890625000 0.722656250000
details_on.png 0.964843750000 0.218750000000 0.988281250000 0.234375000000
W_button_filter_on.png 0.972656250000 0.335937500000 0.996093750000 0.351562500000
filter_armor.png 0.437500000000 0.359375000000 0.460937500000 0.375000000000
qh_off_l.png 0.894531250000 0.695312500000 0.910156250000 0.718750000000
qh_off_r.png 0.910156250000 0.695312500000 0.925781250000 0.718750000000
qh_on_l.png 0.925781250000 0.695312500000 0.941406250000 0.718750000000
r2_select_bar_start_normal_l.png 0.941406250000 0.695312500000 0.953125000000 0.726562500000
skin_header_l.png 0.953125000000 0.695312500000 0.964843750000 0.726562500000
r2_select_bar_start_normal_r.png 0.964843750000 0.695312500000 0.976562500000 0.726562500000
r2_select_bar_start_over_l.png 0.234375000000 0.699218750000 0.246093750000 0.730468750000
r2_select_bar_start_over_r.png 0.246093750000 0.699218750000 0.257812500000 0.730468750000
r2_select_bar_start_pushed_l.png 0.257812500000 0.699218750000 0.269531250000 0.730468750000
r2_select_bar_start_pushed_r.png 0.269531250000 0.699218750000 0.281250000000 0.730468750000
qh_on_r.png 0.281250000000 0.699218750000 0.296875000000 0.722656250000
filter_mission.png 0.296875000000 0.699218750000 0.320312500000 0.714843750000
filter_mps.png 0.320312500000 0.699218750000 0.343750000000 0.714843750000
filter_tools.png 0.343750000000 0.699218750000 0.367187500000 0.714843750000
filter_weapon.png 0.367187500000 0.699218750000 0.390625000000 0.714843750000
W_slot_jauge_1_mini.png 0.390625000000 0.699218750000 0.453125000000 0.705078125000
W_L0_TL_Title.png 0.453125000000 0.699218750000 0.468750000000 0.722656250000
W_button_filter_off.png 0.468750000000 0.699218750000 0.492187500000 0.714843750000
details_off.png 0.492187500000 0.699218750000 0.515625000000 0.714843750000
mp3_vol_jauge.png 0.148437500000 0.242187500000 0.195312500000 0.250000000000
W_button_18_over.png 0.515625000000 0.699218750000 0.533203125000 0.716796875000
Switch_Text_Icon.png 0.535156250000 0.699218750000 0.554687500000 0.714843750000
Switch_Ratio.png 0.187500000000 0.703125000000 0.207031250000 0.718750000000
mp3_button_list.png 0.714843750000 0.703125000000 0.734375000000 0.718750000000
mp3_button_next.png 0.734375000000 0.703125000000 0.753906250000 0.718750000000
mp3_button_open.png 0.140625000000 0.707031250000 0.160156250000 0.722656250000
mp3_button_over.png 0.160156250000 0.707031250000 0.179687500000 0.722656250000
mp3_button_pause.png 0.390625000000 0.707031250000 0.410156250000 0.722656250000
mp3_button_play.png 0.410156250000 0.707031250000 0.429687500000 0.722656250000
mp3_button_previous.png 0.429687500000 0.707031250000 0.449218750000 0.722656250000
W_expand_off.png 0.207031250000 0.703125000000 0.218750000000 0.726562500000
W_warning.png 0.820312500000 0.707031250000 0.837890625000 0.722656250000
W_expand_on.png 0.839843750000 0.707031250000 0.851562500000 0.730468750000
w_tab_down_normal_r.png 0.000000000000 0.710937500000 0.011718750000 0.734375000000
w_tab_down_pushed_r.png 0.011718750000 0.710937500000 0.023437500000 0.734375000000
w_tab_up_normal_r.png 0.296875000000 0.714843750000 0.308593750000 0.738281250000
w_tab_up_pushed_r.png 0.308593750000 0.714843750000 0.320312500000 0.738281250000
W_slot_number_selected.png 0.476562500000 0.218750000000 0.492187500000 0.234375000000
W_slot_number_unselected.png 0.320312500000 0.714843750000 0.335937500000 0.730468750000
Target_Mission.png 0.335937500000 0.714843750000 0.351562500000 0.730468750000
W_rename_16.png 0.351562500000 0.714843750000 0.367187500000 0.730468750000
W_restore.png 0.367187500000 0.714843750000 0.382812500000 0.730468750000
r2_icon_possess_small.png 0.468750000000 0.714843750000 0.484375000000 0.730468750000
r2_icon_possess_small_over.png 0.484375000000 0.714843750000 0.500000000000 0.730468750000
r2_map_edge_test.png 0.500000000000 0.714843750000 0.515625000000 0.730468750000
r2_map_foot_steps.png 0.750000000000 0.414062500000 0.781250000000 0.421875000000
r2_mini_activity_chat.png 0.535156250000 0.714843750000 0.550781250000 0.730468750000
r2_mini_activity_empty_chat.png 0.550781250000 0.714843750000 0.566406250000 0.730468750000
r2_mini_activity_feed_zone.png 0.566406250000 0.714843750000 0.582031250000 0.730468750000
r2_mini_activity_follow_road.png 0.582031250000 0.714843750000 0.597656250000 0.730468750000
r2_mini_activity_guard_zone.png 0.597656250000 0.714843750000 0.613281250000 0.730468750000
r2_mini_activity_hunt_zone.png 0.613281250000 0.714843750000 0.628906250000 0.730468750000
r2_mini_activity_inactive.png 0.628906250000 0.714843750000 0.644531250000 0.730468750000
r2_mini_activity_patrol_road.png 0.644531250000 0.714843750000 0.660156250000 0.730468750000
r2_mini_activity_repeat_road.png 0.660156250000 0.714843750000 0.675781250000 0.730468750000
r2_mini_activity_rest_zone.png 0.675781250000 0.714843750000 0.691406250000 0.730468750000
r2_mini_activity_stand_still.png 0.753906250000 0.714843750000 0.769531250000 0.730468750000
r2_mini_activity_wander_zone.png 0.769531250000 0.714843750000 0.785156250000 0.730468750000
r2_mini_activity_work_zone.png 0.785156250000 0.714843750000 0.800781250000 0.730468750000
r2_icon_possess_small_pushed.png 0.800781250000 0.714843750000 0.816406250000 0.730468750000
Bulle_next.png 0.851562500000 0.714843750000 0.867187500000 0.730468750000
W_user_info.png 0.867187500000 0.714843750000 0.882812500000 0.730468750000
W_add.png 0.976562500000 0.714843750000 0.992187500000 0.730468750000
W_button_default.png 0.179687500000 0.718750000000 0.195312500000 0.734375000000
W_button_edit.png 0.218750000000 0.718750000000 0.234375000000 0.734375000000
W_answer_16_cancel.png 0.515625000000 0.718750000000 0.531250000000 0.734375000000
W_answer_16_valid.png 0.714843750000 0.718750000000 0.730468750000 0.734375000000
W_arrow_down_0.png 0.730468750000 0.718750000000 0.746093750000 0.734375000000
W_arrow_left_0.png 0.882812500000 0.718750000000 0.898437500000 0.734375000000
r2ed_triggers_more.png 0.898437500000 0.718750000000 0.914062500000 0.734375000000
r2_icon_select.png 0.914062500000 0.718750000000 0.929687500000 0.734375000000
r2ed_triggers_trash.png 0.109375000000 0.722656250000 0.125000000000 0.738281250000
W_button_reset.png 0.125000000000 0.722656250000 0.140625000000 0.738281250000
money_seve.png 0.140625000000 0.722656250000 0.156250000000 0.738281250000
ark_move_player.png 0.156250000000 0.722656250000 0.171875000000 0.738281250000
r2_icon_speak_as_small.png 0.281250000000 0.722656250000 0.296875000000 0.738281250000
r2_icon_speak_as_small_over.png 0.382812500000 0.722656250000 0.398437500000 0.738281250000
r2_icon_speak_as_small_pushed.png 0.398437500000 0.722656250000 0.414062500000 0.738281250000
ark_move_x.png 0.414062500000 0.722656250000 0.429687500000 0.738281250000
ark_move_xy.png 0.429687500000 0.722656250000 0.445312500000 0.738281250000
ark_move_xysnap.png 0.445312500000 0.722656250000 0.460937500000 0.738281250000
ark_move_y.png 0.691406250000 0.722656250000 0.707031250000 0.738281250000
ark_move_z.png 0.816406250000 0.722656250000 0.832031250000 0.738281250000
ark_rotate_x.png 0.023437500000 0.726562500000 0.039062500000 0.742187500000
r2ed_ring_rating_1.png 0.039062500000 0.726562500000 0.054687500000 0.742187500000
r2ed_ring_rating_10.png 0.054687500000 0.726562500000 0.070312500000 0.742187500000
r2ed_ring_rating_2.png 0.070312500000 0.726562500000 0.085937500000 0.742187500000
r2ed_ring_rating_3.png 0.085937500000 0.726562500000 0.101562500000 0.742187500000
r2ed_ring_rating_4.png 0.195312500000 0.726562500000 0.210937500000 0.742187500000
r2ed_ring_rating_5.png 0.929687500000 0.726562500000 0.945312500000 0.742187500000
r2ed_ring_rating_6.png 0.945312500000 0.726562500000 0.960937500000 0.742187500000
r2ed_ring_rating_7.png 0.960937500000 0.726562500000 0.976562500000 0.742187500000
r2ed_ring_rating_8.png 0.234375000000 0.730468750000 0.250000000000 0.746093750000
r2ed_ring_rating_9.png 0.250000000000 0.730468750000 0.265625000000 0.746093750000
ark_rotate_y.png 0.265625000000 0.730468750000 0.281250000000 0.746093750000
ark_rotate_z.png 0.320312500000 0.730468750000 0.335937500000 0.746093750000
pin_off.png 0.335937500000 0.730468750000 0.351562500000 0.746093750000
pin_on.png 0.351562500000 0.730468750000 0.367187500000 0.746093750000
r2_suspension.png 0.367187500000 0.730468750000 0.382812500000 0.746093750000
ark_scale.png 0.460937500000 0.730468750000 0.476562500000 0.746093750000
ark_scale_x.png 0.476562500000 0.730468750000 0.492187500000 0.746093750000
ark_scale_y.png 0.492187500000 0.730468750000 0.507812500000 0.746093750000
ency_step_done.png 0.531250000000 0.730468750000 0.546875000000 0.746093750000
ency_step_slot.png 0.546875000000 0.730468750000 0.562500000000 0.746093750000
ark_scale_z.png 0.562500000000 0.730468750000 0.578125000000 0.746093750000
bgd_pause.png 0.578125000000 0.730468750000 0.593750000000 0.746093750000
W_close_0.png 0.593750000000 0.730468750000 0.609375000000 0.746093750000
W_arrow_right_0.png 0.609375000000 0.730468750000 0.625000000000 0.746093750000
w_back_map.png 0.625000000000 0.730468750000 0.640625000000 0.746093750000
w_button_radar_plus.png 0.640625000000 0.730468750000 0.656250000000 0.746093750000
w_center_map.png 0.656250000000 0.730468750000 0.671875000000 0.746093750000
W_arrow_up_0.png 0.671875000000 0.730468750000 0.687500000000 0.746093750000
W_button_16_over.png 0.746093750000 0.730468750000 0.761718750000 0.746093750000
Bulle_quit.png 0.761718750000 0.730468750000 0.777343750000 0.746093750000
r2_icon_map_invalid.png 0.777343750000 0.730468750000 0.792968750000 0.746093750000
r2_glow_star.png 0.792968750000 0.730468750000 0.808593750000 0.746093750000
W_slot_number.png 0.832031250000 0.730468750000 0.847656250000 0.746093750000
w_zoom_in.png 0.847656250000 0.730468750000 0.863281250000 0.746093750000
w_zoom_out.png 0.863281250000 0.730468750000 0.878906250000 0.746093750000
W_button_10x24_over.png 0.976562500000 0.730468750000 0.986328125000 0.753906250000
W_button_spellock_on.png 0.125000000000 0.359375000000 0.148437500000 0.368164062500
W_button_spellock_over.png 0.000000000000 0.734375000000 0.023437500000 0.743164062500
W_button_spellock_off.png 0.171875000000 0.734375000000 0.195312500000 0.743164062500
r2ed_icon_botobject.png 0.210937500000 0.734375000000 0.224609375000 0.748046875000
r2ed_icon_creatures.png 0.507812500000 0.734375000000 0.521484375000 0.748046875000
r2ed_icon_default_feature.png 0.707031250000 0.734375000000 0.720703125000 0.748046875000
r2ed_icon_group.png 0.722656250000 0.734375000000 0.736328125000 0.748046875000
r2ed_icon_group_creatures.png 0.878906250000 0.734375000000 0.892578125000 0.748046875000
r2ed_icon_macro_components.png 0.894531250000 0.734375000000 0.908203125000 0.748046875000
arbo_son.png 0.910156250000 0.734375000000 0.923828125000 0.748046875000
contact_chat.png 0.101562500000 0.738281250000 0.115234375000 0.751953125000
r2ed_icon_npc.png 0.117187500000 0.738281250000 0.130859375000 0.751953125000
r2ed_icon_permanent_creatures.png 0.132812500000 0.738281250000 0.146484375000 0.751953125000
r2ed_icon_permanent_group.png 0.148437500000 0.738281250000 0.162109375000 0.751953125000
r2ed_icon_permanent_group_creatures.png 0.281250000000 0.738281250000 0.294921875000 0.751953125000
r2ed_icon_permanent_macro_components.png 0.296875000000 0.738281250000 0.310546875000 0.751953125000
r2ed_icon_region.png 0.382812500000 0.738281250000 0.396484375000 0.751953125000
r2ed_icon_road.png 0.398437500000 0.738281250000 0.412109375000 0.751953125000
arbo_son_last.png 0.414062500000 0.738281250000 0.427734375000 0.751953125000
arbo_son_without_son.png 0.429687500000 0.738281250000 0.443359375000 0.751953125000
r2_icon_components_tasks.png 0.445312500000 0.738281250000 0.458984375000 0.751953125000
r2_icon_components_trigger.png 0.687500000000 0.738281250000 0.701171875000 0.751953125000
r2_icon_create.png 0.808593750000 0.738281250000 0.822265625000 0.751953125000
W_sound_off.png 0.023437500000 0.742187500000 0.037109375000 0.755859375000
W_sound_on.png 0.039062500000 0.742187500000 0.052734375000 0.755859375000
W_online.png 0.054687500000 0.742187500000 0.068359375000 0.755859375000
r2_icon_properties.png 0.070312500000 0.742187500000 0.083984375000 0.755859375000
W_online_abroad.png 0.085937500000 0.742187500000 0.099609375000 0.755859375000
W_opacity_on.png 0.195312500000 0.742187500000 0.208984375000 0.755859375000
W_win_close.png 0.925781250000 0.742187500000 0.939453125000 0.755859375000
W_win_lock.png 0.941406250000 0.742187500000 0.955078125000 0.755859375000
W_win_popin.png 0.957031250000 0.742187500000 0.970703125000 0.755859375000
W_win_popup.png 0.000000000000 0.746093750000 0.013671875000 0.759765625000
W_slot_mood.png 0.164062500000 0.746093750000 0.177734375000 0.759765625000
W_pad_close.png 0.179687500000 0.746093750000 0.193359375000 0.759765625000
r2ed_permanent_node.png 0.226562500000 0.746093750000 0.240234375000 0.759765625000
r2ed_permanent_pins.png 0.242187500000 0.746093750000 0.255859375000 0.759765625000
W_affected.png 0.257812500000 0.746093750000 0.271484375000 0.759765625000
w_button_radar_moins.png 0.312500000000 0.746093750000 0.326171875000 0.759765625000
r2_icon_far.png 0.328125000000 0.746093750000 0.341796875000 0.759765625000
W_help_1.png 0.343750000000 0.746093750000 0.357421875000 0.759765625000
w_radiobutton.png 0.359375000000 0.746093750000 0.373046875000 0.759765625000
w_radiobutton_pushed.png 0.460937500000 0.746093750000 0.474609375000 0.759765625000
W_button_14_over.png 0.476562500000 0.746093750000 0.490234375000 0.759765625000
w_slot_on.png 0.492187500000 0.746093750000 0.505859375000 0.759765625000
animal_inventory.png 0.523437500000 0.746093750000 0.537109375000 0.759765625000
arbo_close_just_one.png 0.539062500000 0.746093750000 0.552734375000 0.759765625000
W_offline.png 0.554687500000 0.746093750000 0.568359375000 0.759765625000
arbo_level.png 0.570312500000 0.746093750000 0.583984375000 0.759765625000
W_on.png 0.585937500000 0.746093750000 0.599609375000 0.759765625000
arbo_open_first.png 0.601562500000 0.746093750000 0.615234375000 0.759765625000
r2ed_icon_act.png 0.617187500000 0.746093750000 0.630859375000 0.759765625000
r2_select_menu_over_r.png 0.187500000000 0.195312500000 0.193359375000 0.226562500000
quit_button_normal_l.png 0.312500000000 0.250000000000 0.320312500000 0.273437500000
r2_select_menu_pushed_r.png 0.992187500000 0.714843750000 0.998046875000 0.746093750000
r2_select_menu_r.png 0.738281250000 0.734375000000 0.744140625000 0.765625000000
quit_button_normal_r.png 0.992187500000 0.250000000000 1.000000000000 0.273437500000
quit_button_over_l.png 0.593750000000 0.601562500000 0.601562500000 0.625000000000
quit_button_over_r.png 0.992187500000 0.667968750000 1.000000000000 0.691406250000
quit_button_pushed_l.png 0.824218750000 0.738281250000 0.832031250000 0.761718750000
quit_button_pushed_r.png 0.015625000000 0.746093750000 0.023437500000 0.769531250000
W_slot_jauge_1_umin.png 0.027343750000 0.605468750000 0.058593750000 0.611328125000
Target.png 0.632812500000 0.746093750000 0.649414062500 0.756835937500
flag-fr.png 0.652343750000 0.746093750000 0.666992187500 0.757812500000
flag-de.png 0.667968750000 0.746093750000 0.682617187500 0.757812500000
flag-en.png 0.746093750000 0.746093750000 0.760742187500 0.757812500000
W_trade_player_ready.png 0.160156250000 0.468750000000 0.171875000000 0.482421875000
Num_8.png 0.246093750000 0.617187500000 0.257812500000 0.630859375000
w_defense_l.png 0.988281250000 0.000000000000 0.992187500000 0.041015625000
w_defense_m.png 0.988281250000 0.042968750000 0.992187500000 0.083984375000
w_defense_normal_l.png 0.996093750000 0.335937500000 1.000000000000 0.376953125000
w_defense_normal_m.png 0.996093750000 0.558593750000 1.000000000000 0.599609375000
w_defense_normal_r.png 0.988281250000 0.730468750000 0.992187500000 0.771484375000
w_defense_r.png 0.703125000000 0.738281250000 0.707031250000 0.779296875000
Num_9.png 0.140625000000 0.621093750000 0.152343750000 0.634765625000
W_warning_2.png 0.761718750000 0.746093750000 0.775390625000 0.757812500000
Num_0.png 0.527343750000 0.636718750000 0.539062500000 0.650390625000
Num_1.png 0.234375000000 0.640625000000 0.246093750000 0.654296875000
Num_2.png 0.574218750000 0.652343750000 0.585937500000 0.666015625000
Num_3.png 0.515625000000 0.660156250000 0.527343750000 0.673828125000
Num_4.png 0.562500000000 0.675781250000 0.574218750000 0.689453125000
Num_5.png 0.761718750000 0.679687500000 0.773437500000 0.693359375000
Num_6.png 0.777343750000 0.746093750000 0.789062500000 0.759765625000
Num_7.png 0.789062500000 0.746093750000 0.800781250000 0.759765625000
W_trade_other_ready.png 0.832031250000 0.746093750000 0.843750000000 0.759765625000
r2ed_triggers_minimize.png 0.843750000000 0.746093750000 0.855468750000 0.757812500000
W_scale_less_1.png 0.855468750000 0.746093750000 0.867187500000 0.757812500000
W_scale_more_1.png 0.867187500000 0.746093750000 0.878906250000 0.757812500000
W_mood_pow3.png 0.210937500000 0.750000000000 0.222656250000 0.761718750000
W_mood_pow5.png 0.507812500000 0.750000000000 0.519531250000 0.761718750000
W_copy.png 0.707031250000 0.750000000000 0.718750000000 0.761718750000
W_arrow_up_1.png 0.718750000000 0.750000000000 0.730468750000 0.761718750000
W_weight.png 0.878906250000 0.750000000000 0.890625000000 0.761718750000
W_arrow_right_1.png 0.890625000000 0.750000000000 0.902343750000 0.761718750000
W_button_12_over.png 0.902343750000 0.750000000000 0.914062500000 0.761718750000
W_arrow_down_1.png 0.914062500000 0.750000000000 0.925781250000 0.761718750000
W_close_1.png 0.101562500000 0.753906250000 0.113281250000 0.765625000000
W_mood_pow0.png 0.113281250000 0.753906250000 0.125000000000 0.765625000000
W_mood_pow1.png 0.125000000000 0.753906250000 0.136718750000 0.765625000000
W_mood_pow2.png 0.136718750000 0.753906250000 0.148437500000 0.765625000000
r2ed_triggers_little_chat.png 0.148437500000 0.753906250000 0.160156250000 0.765625000000
r2ed_triggers_little_less.png 0.273437500000 0.753906250000 0.285156250000 0.765625000000
r2ed_triggers_little_more.png 0.285156250000 0.753906250000 0.296875000000 0.765625000000
target_info.png 0.296875000000 0.753906250000 0.308593750000 0.765625000000
r2ed_triggers_little_trash.png 0.375000000000 0.753906250000 0.386718750000 0.765625000000
r2ed_triggers_maximize.png 0.386718750000 0.753906250000 0.398437500000 0.765625000000
rollout_opened.png 0.398437500000 0.753906250000 0.409179687500 0.765625000000
rollout_closed.png 0.410156250000 0.753906250000 0.420898437500 0.765625000000
w_death.png 0.421875000000 0.753906250000 0.434570312500 0.763671875000
W_magic_sep2.png 0.800781250000 0.746093750000 0.805664062500 0.771484375000
W_magic_sep1.png 0.992187500000 0.746093750000 0.997070312500 0.771484375000
r2_select_bar_start_over_m.png 0.988281250000 0.085937500000 0.992187500000 0.117187500000
r2_select_menu_pushed_m.png 0.496093750000 0.343750000000 0.500000000000 0.375000000000
r2ed_forest_m.png 0.996093750000 0.429687500000 1.000000000000 0.460937500000
r2_main_menu_over_m.png 0.972656250000 0.742187500000 0.976562500000 0.773437500000
r2ed_forest_pushed_m.png 0.683593750000 0.746093750000 0.687500000000 0.777343750000
r2ed_forest_pushed_r.png 0.222656250000 0.750000000000 0.226562500000 0.781250000000
r2ed_prime_roots_m.png 0.519531250000 0.750000000000 0.523437500000 0.781250000000
r2ed_forest_r.png 0.730468750000 0.750000000000 0.734375000000 0.781250000000
r2ed_prime_roots_pushed_m.png 0.734375000000 0.750000000000 0.738281250000 0.781250000000
r2ed_prime_roots_pushed_r.png 0.160156250000 0.753906250000 0.164062500000 0.785156250000
r2ed_prime_roots_r.png 0.308593750000 0.753906250000 0.312500000000 0.785156250000
r2_main_menu_normal_m.png 0.437500000000 0.753906250000 0.441406250000 0.785156250000
r2ed_jungle_m.png 0.441406250000 0.753906250000 0.445312500000 0.785156250000
r2_select_bar_start_pushed_m.png 0.445312500000 0.753906250000 0.449218750000 0.785156250000
r2ed_jungle_pushed_m.png 0.449218750000 0.753906250000 0.453125000000 0.785156250000
r2ed_jungle_pushed_r.png 0.453125000000 0.753906250000 0.457031250000 0.785156250000
r2ed_jungle_r.png 0.457031250000 0.753906250000 0.460937500000 0.785156250000
W_L0_EL_open.png 0.476562500000 0.273437500000 0.492187500000 0.281250000000
r2ed_desert_m.png 0.687500000000 0.753906250000 0.691406250000 0.785156250000
r2ed_lakes_m.png 0.691406250000 0.753906250000 0.695312500000 0.785156250000
r2_select_bar_start_normal_m.png 0.695312500000 0.753906250000 0.699218750000 0.785156250000
r2ed_lakes_pushed_m.png 0.699218750000 0.753906250000 0.703125000000 0.785156250000
r2ed_lakes_pushed_r.png 0.808593750000 0.753906250000 0.812500000000 0.785156250000
r2ed_lakes_r.png 0.812500000000 0.753906250000 0.816406250000 0.785156250000
r2ed_desert_pushed_m.png 0.816406250000 0.753906250000 0.820312500000 0.785156250000
skin_bl_open.png 0.484375000000 0.382812500000 0.500000000000 0.390625000000
r2ed_desert_pushed_r.png 0.820312500000 0.753906250000 0.824218750000 0.785156250000
skin_el_open.png 0.781250000000 0.414062500000 0.796875000000 0.421875000000
r2ed_desert_r.png 0.976562500000 0.753906250000 0.980468750000 0.785156250000
r2_select_menu_m.png 0.980468750000 0.753906250000 0.984375000000 0.785156250000
r2_main_menu_pushed_m.png 0.984375000000 0.753906250000 0.988281250000 0.785156250000
r2_select_menu_over_m.png 0.023437500000 0.757812500000 0.027343750000 0.789062500000
curs_M.png 0.027343750000 0.757812500000 0.031250000000 0.789062500000
r2_tab_wide_normal_m.png 0.031250000000 0.757812500000 0.035156250000 0.785156250000
r2_tab_wide_normal_r.png 0.035156250000 0.757812500000 0.039062500000 0.785156250000
r2_tab_sequence_pushed_r.png 0.039062500000 0.757812500000 0.042968750000 0.785156250000
r2_tab_wide_pushed_m.png 0.042968750000 0.757812500000 0.046875000000 0.785156250000
r2_tab_wide_pushed_r.png 0.046875000000 0.757812500000 0.050781250000 0.785156250000
r2_tab_sequence_pushed_m.png 0.050781250000 0.757812500000 0.054687500000 0.785156250000
W_scale_more_2.png 0.054687500000 0.757812500000 0.064453125000 0.767578125000
W_close_2.png 0.066406250000 0.757812500000 0.076171875000 0.767578125000
W_arrow_down_2.png 0.078125000000 0.757812500000 0.087890625000 0.767578125000
W_arrow_right_2.png 0.089843750000 0.757812500000 0.099609375000 0.767578125000
W_arrow_up_2.png 0.195312500000 0.757812500000 0.205078125000 0.767578125000
W_scale_less_2.png 0.632812500000 0.757812500000 0.642578125000 0.767578125000
W_button_10_over.png 0.644531250000 0.757812500000 0.654296875000 0.767578125000
r2_icon_map_entity_orient.png 0.656250000000 0.757812500000 0.665039062500 0.768554687500
r2_tab_wide_over_m.png 0.265625000000 0.402343750000 0.269531250000 0.425781250000
r2_tab_wide_over_r.png 0.996093750000 0.644531250000 1.000000000000 0.667968750000
quit_button_normal_m.png 0.207031250000 0.757812500000 0.210937500000 0.781250000000
qh_off_m.png 0.667968750000 0.757812500000 0.671875000000 0.781250000000
W_L0_TR_Title.png 0.671875000000 0.757812500000 0.675781250000 0.781250000000
quit_button_over_m.png 0.675781250000 0.757812500000 0.679687500000 0.781250000000
w_tab_down_normal_l.png 0.679687500000 0.757812500000 0.683593750000 0.781250000000
w_tab_down_normal_m.png 0.746093750000 0.757812500000 0.750000000000 0.781250000000
W_L0_T_Title.png 0.750000000000 0.757812500000 0.753906250000 0.781250000000
qh_on_m.png 0.753906250000 0.757812500000 0.757812500000 0.781250000000
w_tab_normal_l.png 0.757812500000 0.757812500000 0.761718750000 0.781250000000
w_tab_normal_m.png 0.761718750000 0.757812500000 0.765625000000 0.781250000000
w_tab_normal_r.png 0.765625000000 0.757812500000 0.769531250000 0.781250000000
w_tab_over_l.png 0.769531250000 0.757812500000 0.773437500000 0.781250000000
w_tab_over_m.png 0.773437500000 0.757812500000 0.777343750000 0.781250000000
w_tab_over_r.png 0.843750000000 0.757812500000 0.847656250000 0.781250000000
w_tab_pushed_l.png 0.847656250000 0.757812500000 0.851562500000 0.781250000000
w_tab_pushed_m.png 0.851562500000 0.757812500000 0.855468750000 0.781250000000
w_tab_pushed_r.png 0.855468750000 0.757812500000 0.859375000000 0.781250000000
w_tab_up_normal_l.png 0.859375000000 0.757812500000 0.863281250000 0.781250000000
w_tab_up_normal_m.png 0.863281250000 0.757812500000 0.867187500000 0.781250000000
quit_button_pushed_m.png 0.867187500000 0.757812500000 0.871093750000 0.781250000000
W_header_M.png 0.871093750000 0.757812500000 0.875000000000 0.781250000000
W_header_R.png 0.875000000000 0.757812500000 0.878906250000 0.781250000000
r2_tab_wide_over_l.png 0.925781250000 0.757812500000 0.929687500000 0.781250000000
W_ico_affected_fill.png 0.187500000000 0.226562500000 0.193359375000 0.238281250000
W_ico_affected.png 0.171875000000 0.429687500000 0.177734375000 0.441406250000
W_special_blank.png 0.312500000000 0.273437500000 0.320312500000 0.281250000000
Compas_M.png 0.988281250000 0.218750000000 0.992187500000 0.234375000000
Compas_R.png 0.121093750000 0.222656250000 0.125000000000 0.238281250000
W_L0_BL.png 0.089843750000 0.238281250000 0.105468750000 0.242187500000
cm_b.png 0.492187500000 0.273437500000 0.500000000000 0.281250000000
cm_bl.png 0.257812500000 0.445312500000 0.265625000000 0.453125000000
skin_bl.png 0.257812500000 0.453125000000 0.265625000000 0.460937500000
cm_br.png 0.808593750000 0.589843750000 0.816406250000 0.597656250000
cm_l.png 0.816406250000 0.589843750000 0.824218750000 0.597656250000
skin_br.png 0.058593750000 0.605468750000 0.066406250000 0.613281250000
skin_br_open.png 0.585937500000 0.628906250000 0.593750000000 0.636718750000
cm_link_hor.png 0.585937500000 0.636718750000 0.593750000000 0.644531250000
cm_link_vert.png 0.726562500000 0.648437500000 0.734375000000 0.656250000000
skin_er_open.png 0.773437500000 0.656250000000 0.781250000000 0.664062500000
cm_m.png 0.773437500000 0.664062500000 0.781250000000 0.671875000000
cm_r.png 0.714843750000 0.671875000000 0.722656250000 0.679687500000
cm_t.png 0.820312500000 0.671875000000 0.828125000000 0.679687500000
cm_tl.png 0.820312500000 0.679687500000 0.828125000000 0.687500000000
skin_l1_bl.png 0.105468750000 0.238281250000 0.121093750000 0.242187500000
skin_l1_bl_open.png 0.640625000000 0.425781250000 0.656250000000 0.429687500000
cm_tr.png 0.554687500000 0.699218750000 0.562500000000 0.707031250000
skin_l1_e_open.png 0.656250000000 0.425781250000 0.671875000000 0.429687500000
skin_l1_m_open.png 0.671875000000 0.425781250000 0.687500000000 0.429687500000
W_arrow_down_3.png 0.753906250000 0.703125000000 0.761718750000 0.710937500000
W_scale_less_3.png 0.179687500000 0.707031250000 0.187500000000 0.714843750000
W_hl_b.png 0.554687500000 0.707031250000 0.562500000000 0.714843750000
skin_sep_l.png 0.023437500000 0.710937500000 0.031250000000 0.718750000000
skin_sep_r.png 0.382812500000 0.714843750000 0.390625000000 0.722656250000
r2_icon_map_entity_small.png 0.691406250000 0.714843750000 0.699218750000 0.722656250000
skin_tl.png 0.023437500000 0.718750000000 0.031250000000 0.726562500000
skin_tr.png 0.195312500000 0.718750000000 0.203125000000 0.726562500000
r2_icon_map_entity_small_highlight.png 0.746093750000 0.718750000000 0.753906250000 0.726562500000
W_hl_bl.png 0.929687500000 0.718750000000 0.937500000000 0.726562500000
r2ed_tool_border.png 0.171875000000 0.722656250000 0.179687500000 0.730468750000
r2ed_tool_border_select.png 0.460937500000 0.722656250000 0.468750000000 0.730468750000
r2ed_tool_border_select_g.png 0.707031250000 0.722656250000 0.714843750000 0.730468750000
r2_icon_map_invalid_small.png 0.832031250000 0.722656250000 0.839843750000 0.730468750000
W_scale_more_3.png 0.101562500000 0.726562500000 0.109375000000 0.734375000000
W_hl_br.png 0.210937500000 0.726562500000 0.218750000000 0.734375000000
r2ed_island_border.png 0.808593750000 0.730468750000 0.816406250000 0.738281250000
r2ed_island_corner.png 0.226562500000 0.734375000000 0.234375000000 0.742187500000
W_hl_l.png 0.523437500000 0.734375000000 0.531250000000 0.742187500000
W_hl_r.png 0.164062500000 0.738281250000 0.171875000000 0.746093750000
r2ed_tool_corner.png 0.312500000000 0.738281250000 0.320312500000 0.746093750000
r2ed_tool_corner_select.png 0.273437500000 0.746093750000 0.281250000000 0.753906250000
r2ed_triggers_border.png 0.375000000000 0.746093750000 0.382812500000 0.753906250000
r2ed_triggers_corner.png 0.929687500000 0.757812500000 0.937500000000 0.765625000000
r2ed_tool_corner_select_g.png 0.937500000000 0.757812500000 0.945312500000 0.765625000000
W_hl_t.png 0.945312500000 0.757812500000 0.953125000000 0.765625000000
W_hl_tl.png 0.953125000000 0.757812500000 0.960937500000 0.765625000000
W_hl_tr.png 0.960937500000 0.757812500000 0.968750000000 0.765625000000
W_L1_BL.png 0.687500000000 0.425781250000 0.703125000000 0.429687500000
W_L1_BL_open.png 0.703125000000 0.425781250000 0.718750000000 0.429687500000
W_L1_E_open.png 0.718750000000 0.425781250000 0.734375000000 0.429687500000
W_L1_M_open.png 0.734375000000 0.425781250000 0.750000000000 0.429687500000
W_arrow_right_3.png 0.000000000000 0.761718750000 0.007812500000 0.769531250000
W_L2_BL.png 0.980468750000 0.460937500000 0.996093750000 0.464843750000
W_L2_BL_open.png 0.230468750000 0.585937500000 0.246093750000 0.589843750000
W_L2_E_open.png 0.855468750000 0.585937500000 0.871093750000 0.589843750000
W_arrow_up_3.png 0.007812500000 0.761718750000 0.015625000000 0.769531250000
W_button_08_over.png 0.164062500000 0.761718750000 0.171875000000 0.769531250000
W_button_10_choice.png 0.171875000000 0.761718750000 0.179687500000 0.769531250000
W_L2_M_open.png 0.835937500000 0.617187500000 0.851562500000 0.621093750000
W_L0_BL_open.png 0.187500000000 0.683593750000 0.203125000000 0.687500000000
W_close_3.png 0.179687500000 0.761718750000 0.187500000000 0.769531250000
Compas_L.png 0.148437500000 0.359375000000 0.152343750000 0.375000000000
W_L0_Lock.png 0.187500000000 0.761718750000 0.195312500000 0.769531250000
W_point.png 0.210937500000 0.761718750000 0.218750000000 0.769531250000
W_L0_M_open.png 0.000000000000 0.687500000000 0.015625000000 0.691406250000
W_special_BL.png 0.226562500000 0.761718750000 0.234375000000 0.769531250000
w_text_button_normal_l.png 0.460937500000 0.359375000000 0.464843750000 0.375000000000
w_text_button_normal_m.png 0.128906250000 0.414062500000 0.132812500000 0.429687500000
w_text_button_normal_r.png 0.156250000000 0.500000000000 0.160156250000 0.515625000000
w_text_button_over_l.png 0.996093750000 0.601562500000 1.000000000000 0.617187500000
w_text_button_over_m.png 0.832031250000 0.625000000000 0.835937500000 0.640625000000
w_text_button_over_r.png 0.781250000000 0.632812500000 0.785156250000 0.648437500000
w_text_button_pushed_l.png 0.828125000000 0.648437500000 0.832031250000 0.664062500000
w_text_button_pushed_m.png 0.449218750000 0.707031250000 0.453125000000 0.722656250000
w_text_button_pushed_r.png 0.968750000000 0.757812500000 0.972656250000 0.773437500000
W_special_BR.png 0.234375000000 0.761718750000 0.242187500000 0.769531250000
W_special_TR.png 0.242187500000 0.761718750000 0.250000000000 0.769531250000
W_quantity.png 0.250000000000 0.761718750000 0.255859375000 0.769531250000
Numbers_5.png 0.257812500000 0.761718750000 0.262695312500 0.769531250000
Numbers_6.png 0.265625000000 0.761718750000 0.270507812500 0.769531250000
Numbers_7.png 0.312500000000 0.761718750000 0.317382812500 0.769531250000
Numbers_8.png 0.320312500000 0.761718750000 0.325195312500 0.769531250000
Numbers_9.png 0.328125000000 0.761718750000 0.333007812500 0.769531250000
Numbers_sep.png 0.335937500000 0.761718750000 0.340820312500 0.769531250000
Numbers_0.png 0.343750000000 0.761718750000 0.348632812500 0.769531250000
Numbers_1.png 0.351562500000 0.761718750000 0.356445312500 0.769531250000
Numbers_2.png 0.359375000000 0.761718750000 0.364257812500 0.769531250000
Numbers_3.png 0.367187500000 0.761718750000 0.372070312500 0.769531250000
Numbers_4.png 0.460937500000 0.761718750000 0.465820312500 0.769531250000
typo_m.png 0.468750000000 0.761718750000 0.474609375000 0.767578125000
typo_q.png 0.476562500000 0.761718750000 0.482421875000 0.767578125000
typo_v.png 0.484375000000 0.761718750000 0.490234375000 0.767578125000
typo_w.png 0.492187500000 0.761718750000 0.498046875000 0.767578125000
typo_y.png 0.500000000000 0.761718750000 0.505859375000 0.767578125000
r2ed_island_corner_select.png 0.507812500000 0.761718750000 0.513671875000 0.767578125000
r2ed_island_border_select.png 0.523437500000 0.761718750000 0.529296875000 0.767578125000
skin_sep_m.png 0.187500000000 0.238281250000 0.195312500000 0.242187500000
W_scroll_L0_B.png 0.171875000000 0.441406250000 0.179687500000 0.445312500000
W_scroll_L0_M.png 0.257812500000 0.460937500000 0.265625000000 0.464843750000
W_scroll_L0_T.png 0.738281250000 0.597656250000 0.746093750000 0.601562500000
W_scroll_L123_B.png 0.222656250000 0.613281250000 0.230468750000 0.617187500000
W_scroll_L123_M.png 0.246093750000 0.632812500000 0.253906250000 0.636718750000
W_scroll_L123_T.png 0.210937500000 0.636718750000 0.218750000000 0.640625000000
W_special_B.png 0.988281250000 0.117187500000 0.992187500000 0.125000000000
W_scroll_M.png 0.996093750000 0.378906250000 1.000000000000 0.386718750000
W_scroll_R.png 0.253906250000 0.484375000000 0.257812500000 0.492187500000
W_special_L.png 0.585937500000 0.644531250000 0.593750000000 0.648437500000
W_special_R.png 0.234375000000 0.656250000000 0.242187500000 0.660156250000
W_special_T.png 0.125000000000 0.492187500000 0.128906250000 0.500000000000
Skin_scroll_L.png 0.250000000000 0.515625000000 0.253906250000 0.523437500000
W_L0_EM_open.png 0.824218750000 0.589843750000 0.828125000000 0.597656250000
W_L0_ER_open.png 0.734375000000 0.625000000000 0.738281250000 0.632812500000
skin_scroll_b.png 0.574218750000 0.667968750000 0.582031250000 0.671875000000
Skin_scroll_R.png 0.722656250000 0.671875000000 0.726562500000 0.679687500000
skin_scroll_t.png 0.203125000000 0.683593750000 0.210937500000 0.687500000000
W_scroll_L.png 0.816406250000 0.714843750000 0.820312500000 0.722656250000
typo_6.png 0.531250000000 0.761718750000 0.536132812500 0.767578125000
typo_7.png 0.539062500000 0.761718750000 0.543945312500 0.767578125000
typo_8.png 0.546875000000 0.761718750000 0.551757812500 0.767578125000
typo_9.png 0.554687500000 0.761718750000 0.559570312500 0.767578125000
typo_a.png 0.562500000000 0.761718750000 0.567382812500 0.767578125000
typo_b.png 0.570312500000 0.761718750000 0.575195312500 0.767578125000
typo_d.png 0.578125000000 0.761718750000 0.583007812500 0.767578125000
typo_g.png 0.585937500000 0.761718750000 0.590820312500 0.767578125000
typo_h.png 0.593750000000 0.761718750000 0.598632812500 0.767578125000
typo_k.png 0.601562500000 0.761718750000 0.606445312500 0.767578125000
typo_0.png 0.609375000000 0.761718750000 0.614257812500 0.767578125000
typo_n.png 0.617187500000 0.761718750000 0.622070312500 0.767578125000
typo_o.png 0.625000000000 0.761718750000 0.629882812500 0.767578125000
typo_p.png 0.707031250000 0.761718750000 0.711914062500 0.767578125000
typo_2.png 0.714843750000 0.761718750000 0.719726562500 0.767578125000
typo_question.png 0.722656250000 0.761718750000 0.727539062500 0.767578125000
typo_r.png 0.777343750000 0.761718750000 0.782226562500 0.767578125000
typo_u.png 0.785156250000 0.761718750000 0.790039062500 0.767578125000
typo_3.png 0.792968750000 0.761718750000 0.797851562500 0.767578125000
typo_4.png 0.824218750000 0.761718750000 0.829101562500 0.767578125000
typo_x.png 0.832031250000 0.761718750000 0.836914062500 0.767578125000
typo_5.png 0.878906250000 0.761718750000 0.883789062500 0.767578125000
Infos_mid.png 0.015625000000 0.687500000000 0.022460937500 0.691406250000
Infos_top.png 0.820312500000 0.687500000000 0.827148437500 0.691406250000
Infos_bot.png 0.562500000000 0.691406250000 0.569335937500 0.695312500000
Bulle_TR.png 0.886718750000 0.761718750000 0.891601562500 0.766601562500
w_radar_point.png 0.894531250000 0.761718750000 0.899414062500 0.766601562500
Bulle_BR.png 0.902343750000 0.761718750000 0.907226562500 0.766601562500
Bulle_BL.png 0.910156250000 0.761718750000 0.915039062500 0.766601562500
Bulle_TL.png 0.917968750000 0.761718750000 0.922851562500 0.766601562500
typo_c.png 0.203125000000 0.718750000000 0.207031250000 0.724609375000
typo_1.png 0.531250000000 0.718750000000 0.535156250000 0.724609375000
typo_i.png 0.937500000000 0.718750000000 0.941406250000 0.724609375000
typo_j.png 0.687500000000 0.730468750000 0.691406250000 0.736328125000
typo_z.png 0.925781250000 0.734375000000 0.929687500000 0.740234375000
typo_e.png 0.218750000000 0.761718750000 0.222656250000 0.767578125000
typo_l.png 0.515625000000 0.761718750000 0.519531250000 0.767578125000
typo_s.png 0.839843750000 0.761718750000 0.843750000000 0.767578125000
typo_t.png 0.101562500000 0.765625000000 0.105468750000 0.771484375000
typo_f.png 0.105468750000 0.765625000000 0.109375000000 0.771484375000
skin_l1_b.png 0.121093750000 0.238281250000 0.125000000000 0.242187500000
skin_l1_b_open.png 0.996093750000 0.386718750000 1.000000000000 0.390625000000
W_box_top.png 0.480468750000 0.425781250000 0.484375000000 0.429687500000
W_box_top_left.png 0.996093750000 0.460937500000 1.000000000000 0.464843750000
grey_0.png 0.253906250000 0.492187500000 0.257812500000 0.496093750000
grey_10.png 0.250000000000 0.523437500000 0.253906250000 0.527343750000
skin_l1_l.png 0.246093750000 0.585937500000 0.250000000000 0.589843750000
grey_100.png 0.871093750000 0.585937500000 0.875000000000 0.589843750000
skin_l1_r.png 0.746093750000 0.597656250000 0.750000000000 0.601562500000
skin_l1_t.png 0.023437500000 0.617187500000 0.027343750000 0.621093750000
skin_l1_tl.png 0.851562500000 0.617187500000 0.855468750000 0.621093750000
skin_l2_r.png 0.996093750000 0.617187500000 1.000000000000 0.621093750000
skin_l3_r.png 0.253906250000 0.632812500000 0.257812500000 0.636718750000
grey_20.png 0.218750000000 0.636718750000 0.222656250000 0.640625000000
skin_modal_b.png 0.832031250000 0.640625000000 0.835937500000 0.644531250000
skin_modal_bl.png 0.242187500000 0.656250000000 0.246093750000 0.660156250000
skin_modal_br.png 0.828125000000 0.664062500000 0.832031250000 0.667968750000
skin_modal_l.png 0.582031250000 0.667968750000 0.585937500000 0.671875000000
skin_modal_r.png 0.570312500000 0.691406250000 0.574218750000 0.695312500000
skin_modal_t.png 0.753906250000 0.710937500000 0.757812500000 0.714843750000
skin_modal_tl.png 0.757812500000 0.710937500000 0.761718750000 0.714843750000
skin_modal_tr.png 0.179687500000 0.714843750000 0.183593750000 0.718750000000
grey_30.png 0.183593750000 0.714843750000 0.187500000000 0.718750000000
grey_40.png 0.882812500000 0.714843750000 0.886718750000 0.718750000000
grey_50.png 0.886718750000 0.714843750000 0.890625000000 0.718750000000
grey_60.png 0.890625000000 0.714843750000 0.894531250000 0.718750000000
grey_70.png 0.531250000000 0.726562500000 0.535156250000 0.730468750000
r2ed_dismatch_filter.png 0.746093750000 0.726562500000 0.750000000000 0.730468750000
grey_80.png 0.750000000000 0.726562500000 0.753906250000 0.730468750000
grey_90.png 0.171875000000 0.730468750000 0.175781250000 0.734375000000
W_box_top_right.png 0.175781250000 0.730468750000 0.179687500000 0.734375000000
W_L0_L.png 0.507812500000 0.730468750000 0.511718750000 0.734375000000
W_L1_L.png 0.511718750000 0.730468750000 0.515625000000 0.734375000000
W_L0_L_over.png 0.707031250000 0.730468750000 0.710937500000 0.734375000000
W_L1_R.png 0.710937500000 0.730468750000 0.714843750000 0.734375000000
W_L1_T.png 0.878906250000 0.730468750000 0.882812500000 0.734375000000
W_L1_TL.png 0.101562500000 0.734375000000 0.105468750000 0.738281250000
W_L1_TR.png 0.105468750000 0.734375000000 0.109375000000 0.738281250000
W_L1_blank.png 0.226562500000 0.742187500000 0.230468750000 0.746093750000
W_L2_B.png 0.230468750000 0.742187500000 0.234375000000 0.746093750000
W_L0_BR_open.png 0.523437500000 0.742187500000 0.527343750000 0.746093750000
W_L0_BR_over.png 0.527343750000 0.742187500000 0.531250000000 0.746093750000
r2ed_tool_bg.png 0.109375000000 0.765625000000 0.113281250000 0.769531250000
W_L2_BR.png 0.113281250000 0.765625000000 0.117187500000 0.769531250000
W_L2_BR_open.png 0.117187500000 0.765625000000 0.121093750000 0.769531250000
W_L2_B_open.png 0.121093750000 0.765625000000 0.125000000000 0.769531250000
W_L0_R.png 0.125000000000 0.765625000000 0.128906250000 0.769531250000
W_L2_L.png 0.128906250000 0.765625000000 0.132812500000 0.769531250000
blank.png 0.132812500000 0.765625000000 0.136718750000 0.769531250000
blank2.png 0.136718750000 0.765625000000 0.140625000000 0.769531250000
W_L0_R_over.png 0.140625000000 0.765625000000 0.144531250000 0.769531250000
W_L2_R.png 0.144531250000 0.765625000000 0.148437500000 0.769531250000
W_L2_T.png 0.148437500000 0.765625000000 0.152343750000 0.769531250000
W_L2_TL.png 0.152343750000 0.765625000000 0.156250000000 0.769531250000
W_L2_TR.png 0.156250000000 0.765625000000 0.160156250000 0.769531250000
W_L2_blank.png 0.273437500000 0.765625000000 0.277343750000 0.769531250000
W_L3_B.png 0.277343750000 0.765625000000 0.281250000000 0.769531250000
W_L3_BL.png 0.281250000000 0.765625000000 0.285156250000 0.769531250000
W_L3_BR.png 0.285156250000 0.765625000000 0.289062500000 0.769531250000
W_L3_L.png 0.289062500000 0.765625000000 0.292968750000 0.769531250000
W_L3_R.png 0.292968750000 0.765625000000 0.296875000000 0.769531250000
W_L3_T.png 0.296875000000 0.765625000000 0.300781250000 0.769531250000
W_L3_TL.png 0.300781250000 0.765625000000 0.304687500000 0.769531250000
W_L3_TR.png 0.304687500000 0.765625000000 0.308593750000 0.769531250000
W_L3_blank.png 0.375000000000 0.765625000000 0.378906250000 0.769531250000
W_L0_T.png 0.378906250000 0.765625000000 0.382812500000 0.769531250000
W_L0_TL.png 0.382812500000 0.765625000000 0.386718750000 0.769531250000
W_hl_b_l123.png 0.386718750000 0.765625000000 0.390625000000 0.769531250000
W_L0_B_open.png 0.390625000000 0.765625000000 0.394531250000 0.769531250000
W_hl_bl_l123.png 0.394531250000 0.765625000000 0.398437500000 0.769531250000
W_L0_TL_over.png 0.398437500000 0.765625000000 0.402343750000 0.769531250000
r2ed_triggers_blank.png 0.402343750000 0.765625000000 0.406250000000 0.769531250000
W_hl_br_l123.png 0.406250000000 0.765625000000 0.410156250000 0.769531250000
W_L0_TR.png 0.410156250000 0.765625000000 0.414062500000 0.769531250000
r2ed_triggers_gray.png 0.414062500000 0.765625000000 0.417968750000 0.769531250000
r2ed_triggers_little_border.png 0.417968750000 0.765625000000 0.421875000000 0.769531250000
W_hl_l_l123.png 0.421875000000 0.765625000000 0.425781250000 0.769531250000
r2ed_triggers_little_corner.png 0.425781250000 0.765625000000 0.429687500000 0.769531250000
W_L0_B_over.png 0.429687500000 0.765625000000 0.433593750000 0.769531250000
W_hl_r_l123.png 0.433593750000 0.765625000000 0.437500000000 0.769531250000
W_L0_TR_over.png 0.738281250000 0.765625000000 0.742187500000 0.769531250000
W_hl_t_l123.png 0.742187500000 0.765625000000 0.746093750000 0.769531250000
W_L0_B.png 0.929687500000 0.765625000000 0.933593750000 0.769531250000
W_hl_tl_l123.png 0.933593750000 0.765625000000 0.937500000000 0.769531250000
W_L0_T_over.png 0.937500000000 0.765625000000 0.941406250000 0.769531250000
W_hl_tr_l123.png 0.941406250000 0.765625000000 0.945312500000 0.769531250000
W_L0_blank.png 0.945312500000 0.765625000000 0.949218750000 0.769531250000
W_L123_blank.png 0.949218750000 0.765625000000 0.953125000000 0.769531250000
W_L1_B.png 0.953125000000 0.765625000000 0.957031250000 0.769531250000
W_L0_BL_over.png 0.957031250000 0.765625000000 0.960937500000 0.769531250000
W_modal_B.png 0.960937500000 0.765625000000 0.964843750000 0.769531250000
W_modal_BL.png 0.964843750000 0.765625000000 0.968750000000 0.769531250000
W_modal_BR.png 0.000000000000 0.769531250000 0.003906250000 0.773437500000
W_modal_L.png 0.003906250000 0.769531250000 0.007812500000 0.773437500000
W_modal_R.png 0.007812500000 0.769531250000 0.011718750000 0.773437500000
W_modal_T.png 0.011718750000 0.769531250000 0.015625000000 0.773437500000
W_modal_TL.png 0.015625000000 0.769531250000 0.019531250000 0.773437500000
W_modal_TR.png 0.019531250000 0.769531250000 0.023437500000 0.773437500000
W_modal_blank.png 0.054687500000 0.769531250000 0.058593750000 0.773437500000
W_L0_BR.png 0.058593750000 0.769531250000 0.062500000000 0.773437500000
W_L1_BR.png 0.062500000000 0.769531250000 0.066406250000 0.773437500000
W_L1_BR_open.png 0.066406250000 0.769531250000 0.070312500000 0.773437500000
W_L1_B_open.png 0.070312500000 0.769531250000 0.074218750000 0.773437500000
W_box_blank.png 0.074218750000 0.769531250000 0.078125000000 0.773437500000
W_box_bot.png 0.078125000000 0.769531250000 0.082031250000 0.773437500000
fame_bar_3d.png 0.082031250000 0.769531250000 0.083007812500 0.785156250000
alpha_10.png 0.085937500000 0.769531250000 0.089843750000 0.773437500000
alpha_20.png 0.089843750000 0.769531250000 0.093750000000 0.773437500000
alpha_30.png 0.093750000000 0.769531250000 0.097656250000 0.773437500000
alpha_40.png 0.097656250000 0.769531250000 0.101562500000 0.773437500000
alpha_50.png 0.109375000000 0.769531250000 0.113281250000 0.773437500000
alpha_60.png 0.113281250000 0.769531250000 0.117187500000 0.773437500000
r2ed_little_island_border_select.png 0.117187500000 0.769531250000 0.121093750000 0.773437500000
r2ed_little_island_corner_select.png 0.121093750000 0.769531250000 0.125000000000 0.773437500000
alpha_70.png 0.125000000000 0.769531250000 0.128906250000 0.773437500000
alpha_80.png 0.128906250000 0.769531250000 0.132812500000 0.773437500000
W_box_bot_left.png 0.132812500000 0.769531250000 0.136718750000 0.773437500000
W_box_bot_right.png 0.136718750000 0.769531250000 0.140625000000 0.773437500000
W_box_left.png 0.140625000000 0.769531250000 0.144531250000 0.773437500000
W_box_right.png 0.144531250000 0.769531250000 0.148437500000 0.773437500000
W_jauge_fill_tmin.png 0.148437500000 0.769531250000 0.149414062500 0.779296875000
Bulle_T.png 0.152343750000 0.769531250000 0.154296875000 0.774414062500
Bulle_L.png 0.164062500000 0.769531250000 0.168945312500 0.771484375000
Bulle_R.png 0.171875000000 0.769531250000 0.176757812500 0.771484375000
Bulle_B.png 0.156250000000 0.769531250000 0.158203125000 0.774414062500
w_line_hor3.png 0.179687500000 0.769531250000 0.181640625000 0.773437500000
r2_map_zone_edge.png 0.183593750000 0.769531250000 0.185546875000 0.772460937500
W_line_ver.png 0.187500000000 0.769531250000 0.189453125000 0.771484375000
Bulle_M.png 0.191406250000 0.769531250000 0.193359375000 0.771484375000
Jauge_fill.png 0.195312500000 0.769531250000 0.196289062500 0.773437500000
Skin_L1_spe_blank.png 0.199218750000 0.769531250000 0.203125000000 0.770507812500
W_L1_R_spe.png 0.203125000000 0.769531250000 0.207031250000 0.770507812500
W_jauge_fill.png 0.210937500000 0.769531250000 0.211914062500 0.773437500000
skin_l1_r_spe.png 0.214843750000 0.769531250000 0.218750000000 0.770507812500
W_L1_spe_blank.png 0.218750000000 0.769531250000 0.222656250000 0.770507812500
w_line_hor2.png 0.226562500000 0.769531250000 0.228515625000 0.771484375000
W_line_hor.png 0.230468750000 0.769531250000 0.232421875000 0.771484375000
text_cursor.png 0.234375000000 0.769531250000 0.236328125000 0.771484375000
W_jauge_fill_mini.png 0.238281250000 0.769531250000 0.239257812500 0.771484375000
W_jauge_fill_umin.png 0.242187500000 0.769531250000 0.243164062500 0.771484375000
no_bord.png 0.246093750000 0.769531250000 0.247070312500 0.770507812500
