amber_cube.png 0.000000000000 0.000000000000 0.156250000000 0.312500000000
amber_cube_over.png 0.156250000000 0.000000000000 0.312500000000 0.312500000000
bk_white.png 0.312500000000 0.000000000000 0.468750000000 0.312500000000
cristal_generic.png 0.000000000000 0.312500000000 0.156250000000 0.625000000000
mission_available.png 0.156250000000 0.312500000000 0.292968750000 0.617187500000
mission_step.png 0.296875000000 0.312500000000 0.433593750000 0.617187500000
mission_unavailable.png 0.000000000000 0.625000000000 0.136718750000 0.929687500000
consider_bg.png 0.140625000000 0.625000000000 0.250000000000 0.843750000000
consider_impossible.png 0.250000000000 0.625000000000 0.359375000000 0.843750000000
ico_out_of_range.png 0.359375000000 0.625000000000 0.453125000000 0.812500000000
glow_star_24.png 0.359375000000 0.812500000000 0.453125000000 1.000000000000
regen.png 0.468750000000 0.000000000000 0.562500000000 0.187500000000
regen_back.png 0.562500000000 0.000000000000 0.656250000000 0.187500000000
radar_mission_16.png 0.656250000000 0.000000000000 0.718750000000 0.125000000000
radar_mission2_16.png 0.718750000000 0.000000000000 0.781250000000 0.125000000000
radar_mission3_16.png 0.781250000000 0.000000000000 0.843750000000 0.125000000000
consider_ring.png 0.843750000000 0.000000000000 0.878906250000 0.218750000000
radar_mission_mini_16.png 0.890625000000 0.000000000000 0.917968750000 0.054687500000
radar_mission3_mini_16.png 0.921875000000 0.000000000000 0.949218750000 0.054687500000
radar_mission2_mini_16.png 0.953125000000 0.000000000000 0.980468750000 0.054687500000
