pop_t.tga 0.000000000000 0.000000000000 1.000000000000 0.125000000000
kami_select.tga 0.000000000000 0.125000000000 0.187500000000 0.312500000000
curs_scale.tga 0.187500000000 0.125000000000 0.296875000000 0.234375000000
curs_default.tga 0.296875000000 0.125000000000 0.406250000000 0.234375000000
curs_rotate.tga 0.406250000000 0.125000000000 0.515625000000 0.234375000000
job_fight_on.tga 0.515625000000 0.125000000000 0.609375000000 0.218750000000
job_magic_on.tga 0.609375000000 0.125000000000 0.703125000000 0.218750000000
job_forage_on.tga 0.703125000000 0.125000000000 0.796875000000 0.218750000000
job_craft_on.tga 0.796875000000 0.125000000000 0.890625000000 0.218750000000
quit.tga 0.890625000000 0.125000000000 0.984375000000 0.218750000000
scroll_m.tga 0.515625000000 0.218750000000 0.546875000000 0.468750000000
opt_on_zorai.tga 0.546875000000 0.218750000000 0.632812500000 0.308593750000
opt_on_tryker.tga 0.632812500000 0.218750000000 0.718750000000 0.308593750000
opt_on_fyros.tga 0.718750000000 0.218750000000 0.804687500000 0.308593750000
opt_on_matis.tga 0.804687500000 0.218750000000 0.890625000000 0.308593750000
f3.tga 0.890625000000 0.218750000000 0.968750000000 0.296875000000
f4.tga 0.187500000000 0.234375000000 0.265625000000 0.312500000000
f5.tga 0.265625000000 0.234375000000 0.343750000000 0.312500000000
f6.tga 0.343750000000 0.234375000000 0.421875000000 0.312500000000
g1.tga 0.421875000000 0.234375000000 0.500000000000 0.312500000000
g2.tga 0.890625000000 0.296875000000 0.968750000000 0.375000000000
g3.tga 0.000000000000 0.312500000000 0.078125000000 0.390625000000
g4.tga 0.078125000000 0.312500000000 0.156250000000 0.390625000000
g5.tga 0.156250000000 0.312500000000 0.234375000000 0.390625000000
g6.tga 0.234375000000 0.312500000000 0.312500000000 0.390625000000
c3.tga 0.312500000000 0.312500000000 0.390625000000 0.390625000000
c4.tga 0.390625000000 0.312500000000 0.468750000000 0.390625000000
c5.tga 0.546875000000 0.312500000000 0.625000000000 0.390625000000
c6.tga 0.625000000000 0.312500000000 0.703125000000 0.390625000000
c7.tga 0.703125000000 0.312500000000 0.781250000000 0.390625000000
m1.tga 0.781250000000 0.312500000000 0.859375000000 0.390625000000
m2.tga 0.859375000000 0.375000000000 0.937500000000 0.453125000000
m3.tga 0.000000000000 0.390625000000 0.078125000000 0.468750000000
m4.tga 0.078125000000 0.390625000000 0.156250000000 0.468750000000
m5.tga 0.156250000000 0.390625000000 0.234375000000 0.468750000000
c8.tga 0.234375000000 0.390625000000 0.312500000000 0.468750000000
c9.tga 0.312500000000 0.390625000000 0.390625000000 0.468750000000
c1.tga 0.390625000000 0.390625000000 0.468750000000 0.468750000000
c10.tga 0.546875000000 0.390625000000 0.625000000000 0.468750000000
pack_default.tga 0.625000000000 0.390625000000 0.703125000000 0.468750000000
c2.tga 0.703125000000 0.390625000000 0.781250000000 0.468750000000
f1.tga 0.781250000000 0.390625000000 0.859375000000 0.468750000000
f2.tga 0.859375000000 0.453125000000 0.937500000000 0.531250000000
opt_off_r.tga 0.937500000000 0.375000000000 1.000000000000 0.468750000000
opt_off_l.tga 0.000000000000 0.468750000000 0.062500000000 0.562500000000
job_border_r.tga 0.062500000000 0.468750000000 0.113281250000 0.570312500000
job_border_l.tga 0.117187500000 0.468750000000 0.167968750000 0.570312500000
slider_m.tga 0.171875000000 0.468750000000 0.250000000000 0.531250000000
w_slot_jauge_1.tga 0.250000000000 0.468750000000 0.496093750000 0.488281250000
W_slot_jauge_1.tga 0.500000000000 0.468750000000 0.746093750000 0.488281250000
play_off.tga 0.750000000000 0.468750000000 0.835937500000 0.523437500000
play_on.tga 0.250000000000 0.492187500000 0.335937500000 0.546875000000
menu_off_r.tga 0.835937500000 0.468750000000 0.851562500000 0.761718750000
menu_on_l.tga 0.937500000000 0.468750000000 0.953125000000 0.761718750000
menu_on_m.tga 0.953125000000 0.468750000000 0.968750000000 0.761718750000
menu_on_r.tga 0.968750000000 0.468750000000 0.984375000000 0.761718750000
menu_off_l.tga 0.984375000000 0.468750000000 1.000000000000 0.761718750000
menu_off_m.tga 0.335937500000 0.492187500000 0.351562500000 0.785156250000
opt_on_l_over.tga 0.351562500000 0.492187500000 0.414062500000 0.554687500000
opt_on_r_over.tga 0.414062500000 0.492187500000 0.476562500000 0.554687500000
opt_on_r.tga 0.476562500000 0.492187500000 0.539062500000 0.554687500000
opt_on_l.tga 0.539062500000 0.492187500000 0.601562500000 0.554687500000
job_br.tga 0.601562500000 0.492187500000 0.652343750000 0.542968750000
job_tl.tga 0.656250000000 0.492187500000 0.707031250000 0.542968750000
job_tr.tga 0.710937500000 0.523437500000 0.761718750000 0.574218750000
job_bl.tga 0.765625000000 0.523437500000 0.816406250000 0.574218750000
qh_on_l.tga 0.468750000000 0.312500000000 0.511718750000 0.367187500000
qh_on_r.tga 0.468750000000 0.367187500000 0.511718750000 0.421875000000
qh_off_l.tga 0.171875000000 0.531250000000 0.214843750000 0.585937500000
qh_off_r.tga 0.851562500000 0.531250000000 0.894531250000 0.585937500000
job_border_m.tga 0.984375000000 0.125000000000 1.000000000000 0.226562500000
pop_br.tga 0.968750000000 0.226562500000 1.000000000000 0.257812500000
pop_l.tga 0.968750000000 0.257812500000 1.000000000000 0.289062500000
pop_r.tga 0.968750000000 0.289062500000 1.000000000000 0.320312500000
sub_menu_blank.tga 0.859375000000 0.312500000000 0.890625000000 0.343750000000
sub_menu_bl.tga 0.968750000000 0.320312500000 1.000000000000 0.351562500000
pop_b.tga 0.859375000000 0.343750000000 0.890625000000 0.375000000000
sub_menu_br.tga 0.468750000000 0.421875000000 0.500000000000 0.453125000000
sub_menu_tl.tga 0.710937500000 0.492187500000 0.742187500000 0.523437500000
sub_menu_tr.tga 0.218750000000 0.531250000000 0.250000000000 0.562500000000
pop_bl.tga 0.898437500000 0.531250000000 0.929687500000 0.562500000000
bgd_pause.tga 0.250000000000 0.546875000000 0.281250000000 0.578125000000
w_answer_16_cancel.tga 0.281250000000 0.546875000000 0.312500000000 0.578125000000
w_answer_16_valid.tga 0.601562500000 0.546875000000 0.632812500000 0.578125000000
pop_blank.tga 0.632812500000 0.546875000000 0.664062500000 0.578125000000
job_t.tga 0.500000000000 0.234375000000 0.515625000000 0.285156250000
job_b.tga 0.820312500000 0.523437500000 0.835937500000 0.574218750000
job_l.tga 0.351562500000 0.554687500000 0.402343750000 0.570312500000
job_blank.tga 0.406250000000 0.554687500000 0.457031250000 0.570312500000
job_r.tga 0.460937500000 0.554687500000 0.511718750000 0.570312500000
scroll_t.tga 0.968750000000 0.351562500000 1.000000000000 0.375000000000
scroll_b.tga 0.664062500000 0.546875000000 0.695312500000 0.570312500000
opt_off_m.tga 0.929687500000 0.531250000000 0.937500000000 0.625000000000
opt_on_m.tga 0.851562500000 0.468750000000 0.859375000000 0.531250000000
qh_off_m.tga 0.312500000000 0.546875000000 0.320312500000 0.601562500000
qh_on_m.tga 0.320312500000 0.546875000000 0.328125000000 0.601562500000
w_arrow_down_2.tga 0.515625000000 0.554687500000 0.535156250000 0.574218750000
w_hl_t.tga 0.500000000000 0.289062500000 0.515625000000 0.304687500000
w_hl_bl.tga 0.500000000000 0.421875000000 0.515625000000 0.437500000000
w_hl_r.tga 0.500000000000 0.437500000000 0.515625000000 0.453125000000
w_hl_b.tga 0.468750000000 0.453125000000 0.484375000000 0.468750000000
w_hl_tr.tga 0.484375000000 0.453125000000 0.500000000000 0.468750000000
w_hl_l.tga 0.500000000000 0.453125000000 0.515625000000 0.468750000000
w_hl_tl.tga 0.695312500000 0.546875000000 0.710937500000 0.562500000000
CM_B.tga 0.539062500000 0.554687500000 0.554687500000 0.570312500000
CM_BL.tga 0.554687500000 0.554687500000 0.570312500000 0.570312500000
CM_BR.tga 0.570312500000 0.554687500000 0.585937500000 0.570312500000
CM_L.tga 0.585937500000 0.554687500000 0.601562500000 0.570312500000
CM_M.tga 0.000000000000 0.562500000000 0.015625000000 0.578125000000
CM_R.tga 0.015625000000 0.562500000000 0.031250000000 0.578125000000
CM_T.tga 0.031250000000 0.562500000000 0.046875000000 0.578125000000
CM_TL.tga 0.046875000000 0.562500000000 0.062500000000 0.578125000000
CM_TR.tga 0.218750000000 0.562500000000 0.234375000000 0.578125000000
w_hl_br.tga 0.234375000000 0.562500000000 0.250000000000 0.578125000000
w_modal_r.tga 0.968750000000 0.218750000000 0.976562500000 0.226562500000
w_modal_tr.tga 0.976562500000 0.218750000000 0.984375000000 0.226562500000
w_modal_blank.tga 0.500000000000 0.304687500000 0.507812500000 0.312500000000
w_modal_t.tga 0.507812500000 0.304687500000 0.515625000000 0.312500000000
w_modal_tl.tga 0.742187500000 0.492187500000 0.750000000000 0.500000000000
w_modal_l.tga 0.742187500000 0.500000000000 0.750000000000 0.507812500000
W_box_blank.tga 0.742187500000 0.507812500000 0.750000000000 0.515625000000
blank.tga 0.742187500000 0.515625000000 0.750000000000 0.523437500000
w_box_top_right.tga 0.328125000000 0.546875000000 0.335937500000 0.554687500000
w_box_bot.tga 0.328125000000 0.554687500000 0.335937500000 0.562500000000
w_box_bot_left.tga 0.328125000000 0.562500000000 0.335937500000 0.570312500000
w_box_bot_right.tga 0.695312500000 0.562500000000 0.703125000000 0.570312500000
w_box_left.tga 0.703125000000 0.562500000000 0.710937500000 0.570312500000
w_box_right.tga 0.898437500000 0.562500000000 0.906250000000 0.570312500000
w_box_top.tga 0.906250000000 0.562500000000 0.914062500000 0.570312500000
w_box_top_left.tga 0.914062500000 0.562500000000 0.921875000000 0.570312500000
w_modal_b.tga 0.921875000000 0.562500000000 0.929687500000 0.570312500000
w_modal_bl.tga 0.062500000000 0.570312500000 0.070312500000 0.578125000000
w_modal_br.tga 0.070312500000 0.570312500000 0.078125000000 0.578125000000
text_cursor.tga 0.078125000000 0.570312500000 0.082031250000 0.574218750000
W_jauge_fill.tga 0.085937500000 0.570312500000 0.087890625000 0.578125000000
w_jauge_fill.tga 0.093750000000 0.570312500000 0.095703125000 0.578125000000
