log_jena.tga 0.000000000000 0.000000000000 0.281250000000 0.742187500000
log_kami.tga 0.281250000000 0.000000000000 0.468750000000 0.187500000000
curs_default.tga 0.468750000000 0.000000000000 0.554687500000 0.076171875000
curs_pan.tga 0.554687500000 0.000000000000 0.640625000000 0.076171875000
curs_pick.tga 0.640625000000 0.000000000000 0.726562500000 0.076171875000
curs_resize_br_tl.tga 0.726562500000 0.000000000000 0.812500000000 0.076171875000
curs_resize_lr.tga 0.812500000000 0.000000000000 0.898437500000 0.076171875000
curs_resize_tb.tga 0.898437500000 0.000000000000 0.984375000000 0.076171875000
curs_rotate.tga 0.468750000000 0.078125000000 0.554687500000 0.154296875000
curs_scale.tga 0.554687500000 0.078125000000 0.640625000000 0.154296875000
curs_can_pan.tga 0.640625000000 0.078125000000 0.726562500000 0.154296875000
curs_resize_bl_tr.tga 0.726562500000 0.078125000000 0.812500000000 0.154296875000
curs_r.tga 0.812500000000 0.078125000000 0.875000000000 0.140625000000
curs_l.tga 0.875000000000 0.078125000000 0.937500000000 0.140625000000
log_but_over_r.tga 0.937500000000 0.078125000000 0.972656250000 0.148437500000
log_but_r.tga 0.812500000000 0.140625000000 0.847656250000 0.210937500000
bk_skin_scroll_b.tga 0.851562500000 0.140625000000 0.898437500000 0.171875000000
bk_skin_scroll_t.tga 0.898437500000 0.148437500000 0.945312500000 0.179687500000
logbox_bl.tga 0.945312500000 0.148437500000 0.976562500000 0.179687500000
logbox_br.tga 0.468750000000 0.156250000000 0.500000000000 0.187500000000
logbox_tl.tga 0.500000000000 0.156250000000 0.531250000000 0.187500000000
logbox_tr.tga 0.531250000000 0.156250000000 0.562500000000 0.187500000000
patch_off.tga 0.562500000000 0.156250000000 0.593750000000 0.187500000000
patch_on.tga 0.593750000000 0.156250000000 0.625000000000 0.187500000000
logboxblank_bl.tga 0.625000000000 0.156250000000 0.656250000000 0.187500000000
logboxblank_br.tga 0.656250000000 0.156250000000 0.687500000000 0.187500000000
logboxblank_tl.tga 0.687500000000 0.156250000000 0.718750000000 0.187500000000
logboxblank_tr.tga 0.718750000000 0.156250000000 0.750000000000 0.187500000000
w_opacity_on.tga 0.750000000000 0.156250000000 0.777343750000 0.183593750000
but_left.tga 0.781250000000 0.156250000000 0.808593750000 0.183593750000
but_right.tga 0.851562500000 0.171875000000 0.878906250000 0.199218750000
w_slot_on.tga 0.882812500000 0.179687500000 0.910156250000 0.207031250000
but_r.tga 0.984375000000 0.000000000000 1.000000000000 0.046875000000
but_l.tga 0.984375000000 0.046875000000 1.000000000000 0.093750000000
but_over_l.tga 0.976562500000 0.093750000000 0.992187500000 0.140625000000
but_over_r.tga 0.976562500000 0.140625000000 0.992187500000 0.187500000000
serv_note_over_l.tga 0.914062500000 0.179687500000 0.929687500000 0.218750000000
serv_note_over_r.tga 0.929687500000 0.179687500000 0.945312500000 0.218750000000
serv_note_r.tga 0.945312500000 0.179687500000 0.960937500000 0.218750000000
serv_note_l.tga 0.960937500000 0.179687500000 0.976562500000 0.218750000000
log_but_over_m.tga 0.992187500000 0.093750000000 1.000000000000 0.164062500000
log_but_l.tga 0.992187500000 0.164062500000 1.000000000000 0.234375000000
log_but_m.tga 0.281250000000 0.187500000000 0.289062500000 0.257812500000
log_but_over_l.tga 0.289062500000 0.187500000000 0.296875000000 0.257812500000
skin_scroll_b.tga 0.296875000000 0.187500000000 0.328125000000 0.203125000000
skin_scroll_t.tga 0.328125000000 0.187500000000 0.359375000000 0.203125000000
curs_m.tga 0.359375000000 0.187500000000 0.367187500000 0.250000000000
bk_skin_scroll_m.tga 0.367187500000 0.187500000000 0.414062500000 0.195312500000
but_over_m.tga 0.414062500000 0.187500000000 0.421875000000 0.234375000000
but_m.tga 0.421875000000 0.187500000000 0.429687500000 0.234375000000
serv_note_over_m.tga 0.429687500000 0.187500000000 0.437500000000 0.226562500000
serv_note_m.tga 0.437500000000 0.187500000000 0.445312500000 0.226562500000
log_mod_tr.tga 0.445312500000 0.187500000000 0.460937500000 0.203125000000
log_eb_br.tga 0.460937500000 0.187500000000 0.476562500000 0.203125000000
log_eb_tl.tga 0.476562500000 0.187500000000 0.492187500000 0.203125000000
log_eb_tr.tga 0.492187500000 0.187500000000 0.507812500000 0.203125000000
skin_scroll_m.tga 0.898437500000 0.140625000000 0.929687500000 0.148437500000
log_eb_bl.tga 0.507812500000 0.187500000000 0.523437500000 0.203125000000
log_mod_bl.tga 0.523437500000 0.187500000000 0.539062500000 0.203125000000
log_mod_br.tga 0.539062500000 0.187500000000 0.554687500000 0.203125000000
log_mod_tl.tga 0.554687500000 0.187500000000 0.570312500000 0.203125000000
CM_B.tga 0.570312500000 0.187500000000 0.585937500000 0.203125000000
CM_BL.tga 0.585937500000 0.187500000000 0.601562500000 0.203125000000
CM_BR.tga 0.601562500000 0.187500000000 0.617187500000 0.203125000000
CM_L.tga 0.617187500000 0.187500000000 0.632812500000 0.203125000000
CM_M.tga 0.632812500000 0.187500000000 0.648437500000 0.203125000000
CM_R.tga 0.648437500000 0.187500000000 0.664062500000 0.203125000000
CM_T.tga 0.664062500000 0.187500000000 0.679687500000 0.203125000000
CM_TL.tga 0.679687500000 0.187500000000 0.695312500000 0.203125000000
CM_TR.tga 0.695312500000 0.187500000000 0.710937500000 0.203125000000
log_eb_l.tga 0.882812500000 0.171875000000 0.898437500000 0.179687500000
log_mod_l.tga 0.710937500000 0.187500000000 0.726562500000 0.195312500000
log_mod_r.tga 0.726562500000 0.187500000000 0.742187500000 0.195312500000
log_mod_t.tga 0.976562500000 0.078125000000 0.984375000000 0.093750000000
log_eb_r.tga 0.742187500000 0.187500000000 0.757812500000 0.195312500000
log_eb_t.tga 0.757812500000 0.187500000000 0.765625000000 0.203125000000
log_mod_b.tga 0.765625000000 0.187500000000 0.773437500000 0.203125000000
log_eb_b.tga 0.773437500000 0.187500000000 0.781250000000 0.203125000000
blank.tga 0.929687500000 0.140625000000 0.937500000000 0.148437500000
log_eb_m.tga 0.781250000000 0.187500000000 0.789062500000 0.195312500000
text_cursor.tga 0.789062500000 0.187500000000 0.792968750000 0.191406250000
no_bord.tga 0.796875000000 0.187500000000 0.798828125000 0.189453125000
